0  0  0  0  0  0  0  0  0  0  0  0  0  0  0  0  0  0  0  0  0  0  0  0  0  0  0  0  0  0  0  0  0  0  0  0  0  0  0  0  0  0  0  0  0  0  0  0  0  0  0  0  0  0  0  0  0  0  0  0  0  0  0  0  0  0  0  0  0  0  0  0  0  0  0  0  0  0  0  0  0  0  0  0  0  0  0  0  0  0  0  0  0  0  0  0  0  0  0  0  
0  0.000539366  0.00107656  0.00160942  0.0021358  0.00265358  0.00316067  0.00365504  0.00413468  0.00459768  0.00504217  0.00546635  0.00586853  0.00624707  0.00660046  0.00692727  0.00722618  0.007496  0.00773564  0.00794412  0.00812062  0.00826442  0.00837494  0.00845174  0.00849451  0.00850307  0.00847739  0.00841758  0.00832387  0.00819665  0.00803642  0.00784383  0.00761966  0.0073648  0.00708029  0.00676727  0.006427  0.00606085  0.0056703  0.00525691  0.00482236  0.00436839  0.00389682  0.00340957  0.00290859  0.00239589  0.00187355  0.00134367  0.000808372  0.000269821  -0.000269817  -0.000808367  -0.00134366  -0.00187355  -0.00239589  -0.00290858  -0.00340957  -0.00389682  -0.00436838  -0.00482235  -0.00525691  -0.00567029  -0.00606085  -0.006427  -0.00676727  -0.00708029  -0.0073648  -0.00761965  -0.00784383  -0.00803641  -0.00819664  -0.00832387  -0.00841758  -0.00847739  -0.00850306  -0.0084945  -0.00845174  -0.00837494  -0.00826442  -0.00812062  -0.00794412  -0.00773563  -0.007496  -0.00722618  -0.00692726  -0.00660045  -0.00624707  -0.00586853  -0.00546635  -0.00504217  -0.00459768  -0.00413468  -0.00365503  -0.00316067  -0.00265357  -0.0021358  -0.00160942  -0.00107656  -0.000539366  0  
0  0.00107656  0.00214878  0.00321236  0.00426299  0.00529647  0.00630861  0.00729535  0.00825272  0.00917686  0.010064  0.0109107  0.0117134  0.012469  0.0131743  0.0138266  0.0144233  0.0149618  0.0154401  0.0158563  0.0162085  0.0164956  0.0167162  0.0168694  0.0169548  0.0169719  0.0169206  0.0168013  0.0166142  0.0163603  0.0160405  0.0156561  0.0152086  0.0146999  0.0141321  0.0135073  0.0128281  0.0120973  0.0113178  0.0104927  0.0096253  0.00871918  0.00777796  0.00680541  0.00580546  0.00478214  0.00373956  0.00268192  0.00161349  0.000538555  -0.000538547  -0.00161348  -0.00268192  -0.00373955  -0.00478213  -0.00580546  -0.0068054  -0.00777795  -0.00871917  -0.00962529  -0.0104926  -0.0113178  -0.0120973  -0.0128281  -0.0135073  -0.0141321  -0.0146999  -0.0152086  -0.0156561  -0.0160405  -0.0163603  -0.0166142  -0.0168013  -0.0169206  -0.0169719  -0.0169548  -0.0168694  -0.0167162  -0.0164956  -0.0162085  -0.0158563  -0.0154401  -0.0149618  -0.0144233  -0.0138266  -0.0131743  -0.012469  -0.0117134  -0.0109107  -0.010064  -0.00917685  -0.00825272  -0.00729535  -0.00630861  -0.00529646  -0.00426299  -0.00321236  -0.00214878  -0.00107656  0  
0  0.00160942  0.00321236  0.00480236  0.00637303  0.00791803  0.00943115  0.0109063  0.0123375  0.0137191  0.0150454  0.0163111  0.0175112  0.0186407  0.0196952  0.0206703  0.0215623  0.0223674  0.0230824  0.0237045  0.0242312  0.0246603  0.0249901  0.0252192  0.0253468  0.0253724  0.0252958  0.0251173  0.0248377  0.0244581  0.0239799  0.0234053  0.0227364  0.0219759  0.0211269  0.0201929  0.0191776  0.018085  0.0169197  0.0156861  0.0143895  0.0130349  0.0116278  0.0101738  0.00867896  0.00714913  0.00559051  0.00400938  0.00241211  0.000805121  -0.000805108  -0.0024121  -0.00400937  -0.0055905  -0.00714912  -0.00867895  -0.0101738  -0.0116278  -0.0130349  -0.0143895  -0.0156861  -0.0169196  -0.018085  -0.0191776  -0.0201929  -0.0211269  -0.0219759  -0.0227364  -0.0234053  -0.0239799  -0.024458  -0.0248377  -0.0251173  -0.0252958  -0.0253724  -0.0253468  -0.0252192  -0.0249901  -0.0246603  -0.0242312  -0.0237045  -0.0230824  -0.0223674  -0.0215623  -0.0206703  -0.0196952  -0.0186407  -0.0175111  -0.0163111  -0.0150454  -0.0137191  -0.0123375  -0.0109063  -0.00943115  -0.00791803  -0.00637302  -0.00480236  -0.00321236  -0.00160942  0  
0  0.0021358  0.00426299  0.00637303  0.0084574  0.0105077  0.0125157  0.0144733  0.0163727  0.0182061  0.0199661  0.0216458  0.0232384  0.0247373  0.0261367  0.0274308  0.0286145  0.0296829  0.0306318  0.0314574  0.0321563  0.0327257  0.0331634  0.0334675  0.0336368  0.0336707  0.033569  0.0333322  0.0329611  0.0324573  0.0318229  0.0310602  0.0301725  0.0291634  0.0280368  0.0267972  0.0254498  0.0239999  0.0224534  0.0208165  0.0190957  0.0172981  0.0154308  0.0135013  0.0115175  0.00948734  0.00741895  0.0053207  0.00320101  0.00106844  -0.00106843  -0.003201  -0.00532068  -0.00741894  -0.00948732  -0.0115175  -0.0135013  -0.0154307  -0.017298  -0.0190957  -0.0208165  -0.0224534  -0.0239999  -0.0254498  -0.0267972  -0.0280367  -0.0291633  -0.0301725  -0.0310602  -0.0318228  -0.0324573  -0.0329611  -0.0333322  -0.033569  -0.0336707  -0.0336368  -0.0334674  -0.0331633  -0.0327257  -0.0321563  -0.0314574  -0.0306318  -0.0296829  -0.0286145  -0.0274308  -0.0261367  -0.0247373  -0.0232384  -0.0216458  -0.0199661  -0.018206  -0.0163726  -0.0144733  -0.0125157  -0.0105077  -0.00845739  -0.00637302  -0.00426299  -0.0021358  0  
0  0.00265358  0.00529647  0.00791803  0.0105077  0.0130551  0.0155499  0.0179821  0.0203418  0.0226197  0.0248065  0.0268934  0.028872  0.0307344  0.032473  0.0340808  0.0355514  0.0368789  0.0380578  0.0390836  0.0399519  0.0406594  0.0412031  0.0415809  0.0417913  0.0418335  0.0417071  0.0414129  0.0409518  0.0403259  0.0395376  0.0385901  0.0374872  0.0362334  0.0348337  0.0332937  0.0316196  0.0298182  0.0278968  0.025863  0.0237251  0.0214916  0.0191716  0.0167744  0.0143097  0.0117873  0.00921752  0.00661059  0.00397703  0.00132747  -0.00132745  -0.00397701  -0.00661057  -0.0092175  -0.0117873  -0.0143097  -0.0167744  -0.0191716  -0.0214916  -0.023725  -0.025863  -0.0278967  -0.0298182  -0.0316196  -0.0332936  -0.0348336  -0.0362334  -0.0374872  -0.0385901  -0.0395376  -0.0403259  -0.0409518  -0.0414128  -0.0417071  -0.0418334  -0.0417913  -0.0415809  -0.0412031  -0.0406593  -0.0399519  -0.0390835  -0.0380578  -0.0368789  -0.0355514  -0.0340808  -0.032473  -0.0307344  -0.028872  -0.0268934  -0.0248065  -0.0226197  -0.0203418  -0.0179821  -0.0155499  -0.0130551  -0.0105077  -0.00791803  -0.00529646  -0.00265357  0  
0  0.00316067  0.00630861  0.00943115  0.0125157  0.0155499  0.0185214  0.0214184  0.0242291  0.0269423  0.029547  0.0320327  0.0343894  0.0366077  0.0386785  0.0405936  0.0423452  0.0439264  0.0453306  0.0465523  0.0475866  0.0484293  0.0490769  0.049527  0.0497776  0.0498277  0.0496773  0.0493268  0.0487777  0.0480321  0.0470932  0.0459646  0.044651  0.0431575  0.0414903  0.039656  0.037662  0.0355164  0.0332278  0.0308054  0.0282589  0.0255986  0.0228353  0.01998  0.0170442  0.0140399  0.010979  0.00787386  0.00473704  0.00158114  -0.00158112  -0.00473701  -0.00787383  -0.0109789  -0.0140399  -0.0170442  -0.01998  -0.0228353  -0.0255986  -0.0282589  -0.0308053  -0.0332278  -0.0355164  -0.037662  -0.039656  -0.0414903  -0.0431575  -0.044651  -0.0459646  -0.0470932  -0.0480321  -0.0487776  -0.0493268  -0.0496773  -0.0498277  -0.0497776  -0.049527  -0.0490769  -0.0484293  -0.0475866  -0.0465523  -0.0453306  -0.0439264  -0.0423452  -0.0405936  -0.0386785  -0.0366076  -0.0343894  -0.0320327  -0.029547  -0.0269423  -0.0242291  -0.0214184  -0.0185214  -0.0155499  -0.0125157  -0.00943115  -0.00630861  -0.00316067  0  
0  0.00365504  0.00729535  0.0109063  0.0144733  0.0179821  0.0214184  0.0247685  0.0280189  0.0311564  0.0341685  0.037043  0.0397683  0.0423335  0.0447283  0.0469429  0.0489685  0.050797  0.0524209  0.0538337  0.0550297  0.0560042  0.0567532  0.0572736  0.0575634  0.0576214  0.0574474  0.0570421  0.0564071  0.0555449  0.0544591  0.053154  0.0516349  0.0499079  0.0479799  0.0458587  0.0435528  0.0410716  0.038425  0.0356237  0.0326789  0.0296025  0.026407  0.0231051  0.0197102  0.0162359  0.0126962  0.00910542  0.00547796  0.00182845  -0.00182842  -0.00547794  -0.00910539  -0.0126962  -0.0162359  -0.0197101  -0.0231051  -0.026407  -0.0296025  -0.0326789  -0.0356237  -0.038425  -0.0410716  -0.0435528  -0.0458587  -0.0479799  -0.0499079  -0.0516349  -0.053154  -0.0544591  -0.0555449  -0.0564071  -0.0570421  -0.0574474  -0.0576214  -0.0575634  -0.0572736  -0.0567531  -0.0560042  -0.0550297  -0.0538337  -0.0524209  -0.050797  -0.0489685  -0.0469429  -0.0447283  -0.0423335  -0.0397683  -0.037043  -0.0341685  -0.0311564  -0.0280189  -0.0247685  -0.0214184  -0.0179821  -0.0144733  -0.0109063  -0.00729535  -0.00365503  0  
0  0.00413468  0.00825272  0.0123375  0.0163727  0.0203418  0.0242291  0.0280189  0.0316958  0.035245  0.0386524  0.0419041  0.0449871  0.0478889  0.050598  0.0531032  0.0553947  0.057463  0.0593  0.0608983  0.0622513  0.0633536  0.0642008  0.0647896  0.0651174  0.065183  0.0649862  0.0645277  0.0638094  0.0628341  0.0616058  0.0601294  0.058411  0.0564573  0.0542763  0.0518767  0.0492683  0.0464614  0.0434675  0.0402986  0.0369673  0.0334873  0.0298724  0.0261372  0.0222967  0.0183665  0.0143623  0.0103003  0.00619684  0.0020684  -0.00206837  -0.00619681  -0.0103003  -0.0143623  -0.0183665  -0.0222967  -0.0261371  -0.0298723  -0.0334872  -0.0369673  -0.0402985  -0.0434675  -0.0464614  -0.0492682  -0.0518767  -0.0542762  -0.0564573  -0.0584109  -0.0601294  -0.0616058  -0.062834  -0.0638093  -0.0645277  -0.0649862  -0.065183  -0.0651174  -0.0647895  -0.0642008  -0.0633536  -0.0622512  -0.0608982  -0.0593  -0.057463  -0.0553946  -0.0531032  -0.0505979  -0.0478889  -0.0449871  -0.0419041  -0.0386524  -0.035245  -0.0316958  -0.0280189  -0.0242291  -0.0203418  -0.0163726  -0.0123375  -0.00825272  -0.00413468  0  
0  0.00459768  0.00917686  0.0137191  0.0182061  0.0226197  0.0269423  0.0311564  0.035245  0.0391918  0.0429807  0.0465965  0.0500247  0.0532515  0.0562639  0.0590497  0.0615977  0.0638977  0.0659404  0.0677176  0.0692221  0.0704479  0.07139  0.0720447  0.0724092  0.0724822  0.0722633  0.0717535  0.0709547  0.0698702  0.0685044  0.0668627  0.0649518  0.0627793  0.0603541  0.0576858  0.0547853  0.0516642  0.048335  0.0448112  0.0411069  0.0372372  0.0332175  0.029064  0.0247935  0.0204232  0.0159706  0.0114537  0.00689075  0.00230002  -0.00229998  -0.00689072  -0.0114537  -0.0159706  -0.0204231  -0.0247935  -0.029064  -0.0332174  -0.0372371  -0.0411069  -0.0448111  -0.0483349  -0.0516641  -0.0547853  -0.0576858  -0.0603541  -0.0627793  -0.0649518  -0.0668627  -0.0685043  -0.0698702  -0.0709547  -0.0717534  -0.0722633  -0.0724822  -0.0724092  -0.0720447  -0.07139  -0.0704479  -0.0692221  -0.0677176  -0.0659404  -0.0638977  -0.0615977  -0.0590497  -0.0562639  -0.0532515  -0.0500247  -0.0465965  -0.0429807  -0.0391918  -0.035245  -0.0311564  -0.0269423  -0.0226197  -0.018206  -0.0137191  -0.00917685  -0.00459768  0  
0  0.00504217  0.010064  0.0150454  0.0199661  0.0248065  0.029547  0.0341685  0.0386524  0.0429807  0.0471359  0.0511013  0.0548609  0.0583997  0.0617033  0.0647584  0.0675528  0.0700751  0.0723153  0.0742643  0.0759143  0.0772586  0.0782917  0.0790097  0.0794095  0.0794895  0.0792495  0.0786903  0.0778143  0.076625  0.0751271  0.0733267  0.0712311  0.0688486  0.0661889  0.0632627  0.0600817  0.0566589  0.0530078  0.0491434  0.045081  0.0408371  0.0364288  0.0318738  0.0271905  0.0223976  0.0175146  0.0125611  0.00755693  0.00252237  -0.00252234  -0.00755689  -0.012561  -0.0175146  -0.0223976  -0.0271904  -0.0318738  -0.0364288  -0.0408371  -0.045081  -0.0491433  -0.0530078  -0.0566588  -0.0600817  -0.0632627  -0.0661889  -0.0688486  -0.071231  -0.0733267  -0.0751271  -0.076625  -0.0778143  -0.0786903  -0.0792494  -0.0794895  -0.0794094  -0.0790097  -0.0782917  -0.0772585  -0.0759142  -0.0742643  -0.0723153  -0.0700751  -0.0675527  -0.0647584  -0.0617033  -0.0583997  -0.0548609  -0.0511013  -0.0471359  -0.0429807  -0.0386524  -0.0341685  -0.029547  -0.0248065  -0.0199661  -0.0150454  -0.010064  -0.00504217  0  
0  0.00546636  0.0109107  0.0163111  0.0216458  0.0268934  0.0320327  0.037043  0.0419041  0.0465965  0.0511013  0.0554003  0.0594762  0.0633127  0.0668942  0.0702063  0.0732358  0.0759703  0.078399  0.080512  0.0823007  0.0837581  0.0848782  0.0856565  0.08609  0.0861767  0.0859165  0.0853103  0.0843606  0.0830712  0.0814473  0.0794955  0.0772235  0.0746406  0.0717572  0.0685848  0.0651362  0.0614254  0.0574672  0.0532776  0.0488735  0.0442726  0.0394935  0.0345553  0.0294779  0.0242819  0.0189881  0.0136178  0.00819267  0.00273457  -0.00273453  -0.00819263  -0.0136177  -0.018988  -0.0242818  -0.0294779  -0.0345552  -0.0394934  -0.0442726  -0.0488735  -0.0532776  -0.0574672  -0.0614254  -0.0651362  -0.0685848  -0.0717572  -0.0746406  -0.0772235  -0.0794955  -0.0814473  -0.0830712  -0.0843606  -0.0853103  -0.0859165  -0.0861767  -0.0860899  -0.0856565  -0.0848782  -0.0837581  -0.0823007  -0.0805119  -0.078399  -0.0759703  -0.0732358  -0.0702063  -0.0668942  -0.0633127  -0.0594762  -0.0554003  -0.0511013  -0.0465965  -0.0419041  -0.037043  -0.0320327  -0.0268934  -0.0216458  -0.0163111  -0.0109107  -0.00546635  0  
0  0.00586853  0.0117134  0.0175112  0.0232384  0.028872  0.0343894  0.0397683  0.0449871  0.0500247  0.0548609  0.0594762  0.0638521  0.0679708  0.0718158  0.0753716  0.0786239  0.0815597  0.084167  0.0864354  0.0883558  0.0899204  0.0911229  0.0919585  0.0924238  0.092517  0.0922376  0.0915868  0.0905672  0.089183  0.0874396  0.0853442  0.0829051  0.0801321  0.0770365  0.0736307  0.0699285  0.0659446  0.0616952  0.0571974  0.0524693  0.0475299  0.0423991  0.0370976  0.0316467  0.0260683  0.020385  0.0146197  0.00879542  0.00293576  -0.00293572  -0.00879538  -0.0146196  -0.020385  -0.0260683  -0.0316466  -0.0370975  -0.042399  -0.0475298  -0.0524692  -0.0571974  -0.0616952  -0.0659446  -0.0699284  -0.0736307  -0.0770365  -0.0801321  -0.082905  -0.0853441  -0.0874396  -0.0891829  -0.0905672  -0.0915868  -0.0922376  -0.0925169  -0.0924238  -0.0919585  -0.0911229  -0.0899204  -0.0883558  -0.0864354  -0.084167  -0.0815596  -0.0786239  -0.0753716  -0.0718157  -0.0679707  -0.063852  -0.0594762  -0.0548609  -0.0500247  -0.0449871  -0.0397683  -0.0343894  -0.028872  -0.0232384  -0.0175112  -0.0117134  -0.00586853  0  
0  0.00624707  0.012469  0.0186407  0.0247373  0.0307344  0.0366077  0.0423335  0.0478889  0.0532515  0.0583997  0.0633127  0.0679708  0.0723551  0.0764481  0.0802333  0.0836955  0.0868206  0.0895961  0.0920108  0.0940551  0.0957206  0.0970007  0.0978902  0.0983855  0.0984847  0.0981873  0.0974945  0.0964092  0.0949356  0.0930798  0.0908492  0.0882528  0.085301  0.0820057  0.0783802  0.0744391  0.0701983  0.0656748  0.0608869  0.0558537  0.0505957  0.045134  0.0394905  0.033688  0.0277498  0.0217  0.0155627  0.00936276  0.00312513  -0.00312509  -0.00936272  -0.0155626  -0.0216999  -0.0277498  -0.033688  -0.0394905  -0.0451339  -0.0505957  -0.0558537  -0.0608868  -0.0656748  -0.0701982  -0.0744391  -0.0783802  -0.0820057  -0.0853009  -0.0882527  -0.0908492  -0.0930798  -0.0949356  -0.0964091  -0.0974945  -0.0981872  -0.0984846  -0.0983855  -0.0978901  -0.0970006  -0.0957206  -0.094055  -0.0920108  -0.089596  -0.0868205  -0.0836954  -0.0802333  -0.0764481  -0.0723551  -0.0679707  -0.0633127  -0.0583997  -0.0532515  -0.0478889  -0.0423335  -0.0366076  -0.0307344  -0.0247373  -0.0186407  -0.012469  -0.00624707  0  
0  0.00660046  0.0131743  0.0196952  0.0261367  0.032473  0.0386785  0.0447283  0.050598  0.0562639  0.0617033  0.0668942  0.0718158  0.0764481  0.0807727  0.084772  0.08843  0.0917319  0.0946644  0.0972157  0.0993756  0.101135  0.102488  0.103428  0.103951  0.104056  0.103742  0.10301  0.101863  0.100306  0.0983452  0.0959884  0.0932451  0.0901263  0.0866446  0.0828141  0.07865  0.0741693  0.0693899  0.0643311  0.0590133  0.0534579  0.0476871  0.0417244  0.0355937  0.0293196  0.0229275  0.0164431  0.0098924  0.00330191  -0.00330187  -0.00989235  -0.016443  -0.0229274  -0.0293196  -0.0355936  -0.0417244  -0.0476871  -0.0534578  -0.0590133  -0.0643311  -0.0693899  -0.0741693  -0.07865  -0.082814  -0.0866446  -0.0901263  -0.093245  -0.0959884  -0.0983452  -0.100306  -0.101863  -0.10301  -0.103742  -0.104056  -0.103951  -0.103428  -0.102488  -0.101135  -0.0993756  -0.0972157  -0.0946644  -0.0917318  -0.08843  -0.084772  -0.0807727  -0.0764481  -0.0718157  -0.0668942  -0.0617033  -0.0562639  -0.0505979  -0.0447283  -0.0386785  -0.032473  -0.0261367  -0.0196952  -0.0131743  -0.00660046  0  
0  0.00692727  0.0138266  0.0206703  0.0274308  0.0340808  0.0405936  0.0469429  0.0531032  0.0590497  0.0647584  0.0702063  0.0753716  0.0802333  0.084772  0.0889693  0.0928084  0.0962738  0.0993515  0.102029  0.104296  0.106143  0.107562  0.108549  0.109098  0.109208  0.108878  0.10811  0.106906  0.105272  0.103215  0.100741  0.0978619  0.0945888  0.0909347  0.0869144  0.0825442  0.0778417  0.0728256  0.0675164  0.0619352  0.0561047  0.0500483  0.0437903  0.037356  0.0307713  0.0240627  0.0172572  0.0103822  0.0034654  -0.00346535  -0.0103822  -0.0172572  -0.0240627  -0.0307713  -0.037356  -0.0437903  -0.0500482  -0.0561047  -0.0619352  -0.0675163  -0.0728256  -0.0778416  -0.0825442  -0.0869144  -0.0909346  -0.0945887  -0.0978619  -0.100741  -0.103215  -0.105272  -0.106906  -0.10811  -0.108878  -0.109208  -0.109098  -0.108549  -0.107562  -0.106143  -0.104296  -0.102029  -0.0993515  -0.0962738  -0.0928084  -0.0889693  -0.084772  -0.0802333  -0.0753716  -0.0702063  -0.0647584  -0.0590497  -0.0531032  -0.0469429  -0.0405936  -0.0340808  -0.0274308  -0.0206703  -0.0138266  -0.00692726  0  
0  0.00722618  0.0144233  0.0215623  0.0286145  0.0355514  0.0423452  0.0489685  0.0553947  0.0615977  0.0675528  0.0732358  0.0786239  0.0836955  0.08843  0.0928084  0.0968132  0.100428  0.103639  0.106432  0.108796  0.110723  0.112204  0.113233  0.113806  0.11392  0.113576  0.112775  0.11152  0.109815  0.107668  0.105088  0.102085  0.0986703  0.0948586  0.0906649  0.0861061  0.0812006  0.0759681  0.0704297  0.0646078  0.0585257  0.0522079  0.0456799  0.038968  0.0320991  0.025101  0.0180019  0.0108302  0.00361494  -0.00361489  -0.0108302  -0.0180018  -0.025101  -0.0320991  -0.0389679  -0.0456799  -0.0522078  -0.0585256  -0.0646077  -0.0704297  -0.0759681  -0.0812005  -0.086106  -0.0906648  -0.0948585  -0.0986703  -0.102085  -0.105088  -0.107668  -0.109815  -0.111519  -0.112775  -0.113576  -0.11392  -0.113806  -0.113233  -0.112204  -0.110723  -0.108796  -0.106432  -0.103639  -0.100428  -0.0968131  -0.0928084  -0.08843  -0.0836954  -0.0786239  -0.0732358  -0.0675527  -0.0615977  -0.0553946  -0.0489685  -0.0423452  -0.0355514  -0.0286145  -0.0215623  -0.0144233  -0.00722618  0  
0  0.007496  0.0149618  0.0223674  0.0296829  0.0368789  0.0439264  0.050797  0.057463  0.0638977  0.0700751  0.0759703  0.0815597  0.0868206  0.0917319  0.0962738  0.100428  0.104178  0.107508  0.110406  0.112859  0.114857  0.116393  0.117461  0.118055  0.118174  0.117817  0.116986  0.115684  0.113915  0.111689  0.109012  0.105896  0.102355  0.0984005  0.0940502  0.0893212  0.0842325  0.0788047  0.0730595  0.0670202  0.060711  0.0541573  0.0473855  0.040423  0.0332977  0.0260383  0.018674  0.0112346  0.00374991  -0.00374986  -0.0112345  -0.018674  -0.0260382  -0.0332976  -0.0404229  -0.0473855  -0.0541572  -0.0607109  -0.0670201  -0.0730595  -0.0788046  -0.0842325  -0.0893212  -0.0940502  -0.0984005  -0.102355  -0.105896  -0.109012  -0.111689  -0.113915  -0.115684  -0.116986  -0.117817  -0.118174  -0.118055  -0.117461  -0.116393  -0.114857  -0.112859  -0.110406  -0.107508  -0.104178  -0.100428  -0.0962738  -0.0917318  -0.0868205  -0.0815596  -0.0759703  -0.0700751  -0.0638977  -0.057463  -0.050797  -0.0439264  -0.0368789  -0.0296829  -0.0223674  -0.0149618  -0.007496  0  
0  0.00773564  0.0154401  0.0230824  0.0306318  0.0380578  0.0453306  0.0524209  0.0593  0.0659404  0.0723153  0.078399  0.084167  0.0895961  0.0946644  0.0993515  0.103639  0.107508  0.110945  0.113935  0.116467  0.118529  0.120114  0.121216  0.121829  0.121952  0.121584  0.120726  0.119382  0.117557  0.115259  0.112497  0.109282  0.105627  0.101546  0.0970568  0.0921767  0.0869253  0.0813239  0.0753951  0.0691627  0.0626518  0.0558886  0.0489004  0.0417153  0.0343621  0.0268707  0.019271  0.0115937  0.00386979  -0.00386974  -0.0115937  -0.019271  -0.0268706  -0.0343621  -0.0417152  -0.0489003  -0.0558886  -0.0626517  -0.0691627  -0.0753951  -0.0813239  -0.0869253  -0.0921766  -0.0970568  -0.101546  -0.105627  -0.109282  -0.112497  -0.115259  -0.117557  -0.119382  -0.120726  -0.121584  -0.121952  -0.121829  -0.121216  -0.120114  -0.118529  -0.116467  -0.113935  -0.110945  -0.107508  -0.103639  -0.0993515  -0.0946644  -0.0895961  -0.084167  -0.078399  -0.0723153  -0.0659404  -0.0593  -0.0524209  -0.0453306  -0.0380578  -0.0306318  -0.0230824  -0.0154401  -0.00773563  0  
0  0.00794412  0.0158563  0.0237045  0.0314574  0.0390836  0.0465523  0.0538337  0.0608983  0.0677176  0.0742643  0.080512  0.0864354  0.0920108  0.0972157  0.102029  0.106432  0.110406  0.113935  0.117006  0.119606  0.121724  0.123351  0.124483  0.125112  0.125239  0.12486  0.123979  0.122599  0.120725  0.118365  0.115529  0.112227  0.108473  0.104283  0.0996727  0.0946609  0.0892681  0.0835157  0.0774271  0.0710267  0.0643404  0.0573949  0.0502183  0.0428395  0.0352883  0.0275949  0.0197904  0.0119062  0.00397409  -0.00397403  -0.0119062  -0.0197903  -0.0275948  -0.0352882  -0.0428395  -0.0502183  -0.0573948  -0.0643403  -0.0710267  -0.0774271  -0.0835157  -0.089268  -0.0946609  -0.0996726  -0.104283  -0.108473  -0.112227  -0.115529  -0.118365  -0.120725  -0.122599  -0.123979  -0.12486  -0.125239  -0.125112  -0.124483  -0.123351  -0.121724  -0.119606  -0.117006  -0.113935  -0.110406  -0.106432  -0.102029  -0.0972157  -0.0920108  -0.0864354  -0.0805119  -0.0742643  -0.0677176  -0.0608982  -0.0538337  -0.0465523  -0.0390835  -0.0314574  -0.0237045  -0.0158563  -0.00794412  0  
0  0.00812062  0.0162085  0.0242312  0.0321563  0.0399519  0.0475866  0.0550297  0.0622513  0.0692221  0.0759143  0.0823007  0.0883558  0.0940551  0.0993756  0.104296  0.108796  0.112859  0.116467  0.119606  0.122263  0.124428  0.126092  0.127248  0.127892  0.128021  0.127634  0.126734  0.125323  0.123408  0.120995  0.118096  0.114721  0.110883  0.1066  0.101887  0.0967641  0.0912514  0.0853712  0.0791474  0.0726048  0.0657698  0.0586701  0.051334  0.0437913  0.0360723  0.028208  0.0202301  0.0121707  0.00406238  -0.00406233  -0.0121707  -0.02023  -0.0282079  -0.0360722  -0.0437913  -0.051334  -0.05867  -0.0657698  -0.0726047  -0.0791473  -0.0853712  -0.0912513  -0.096764  -0.101887  -0.1066  -0.110883  -0.11472  -0.118096  -0.120995  -0.123408  -0.125323  -0.126734  -0.127634  -0.128021  -0.127892  -0.127248  -0.126092  -0.124428  -0.122263  -0.119606  -0.116467  -0.112859  -0.108796  -0.104296  -0.0993756  -0.094055  -0.0883558  -0.0823007  -0.0759142  -0.0692221  -0.0622512  -0.0550297  -0.0475866  -0.0399519  -0.0321563  -0.0242312  -0.0162085  -0.00812062  0  
0  0.00826442  0.0164956  0.0246603  0.0327257  0.0406594  0.0484293  0.0560042  0.0633536  0.0704479  0.0772586  0.0837581  0.0899204  0.0957206  0.101135  0.106143  0.110723  0.114857  0.118529  0.121724  0.124428  0.126631  0.128325  0.129502  0.130157  0.130288  0.129895  0.128978  0.127542  0.125593  0.123138  0.120187  0.116752  0.112847  0.108488  0.103691  0.0984776  0.0928672  0.086883  0.0805489  0.0738905  0.0669345  0.059709  0.0522431  0.0445668  0.036711  0.0287075  0.0205883  0.0123863  0.00413432  -0.00413426  -0.0123862  -0.0205883  -0.0287074  -0.036711  -0.0445667  -0.052243  -0.0597089  -0.0669344  -0.0738904  -0.0805488  -0.0868829  -0.0928672  -0.0984775  -0.103691  -0.108488  -0.112847  -0.116752  -0.120187  -0.123138  -0.125593  -0.127542  -0.128978  -0.129895  -0.130288  -0.130157  -0.129502  -0.128325  -0.126631  -0.124428  -0.121724  -0.118529  -0.114857  -0.110723  -0.106143  -0.101135  -0.0957206  -0.0899204  -0.0837581  -0.0772585  -0.0704479  -0.0633536  -0.0560042  -0.0484293  -0.0406593  -0.0327257  -0.0246603  -0.0164956  -0.00826442  0  
0  0.00837494  0.0167162  0.0249901  0.0331634  0.0412031  0.0490769  0.0567532  0.0642008  0.07139  0.0782917  0.0848782  0.0911229  0.0970007  0.102488  0.107562  0.112204  0.116393  0.120114  0.123351  0.126092  0.128325  0.130041  0.131233  0.131897  0.13203  0.131632  0.130703  0.129248  0.127273  0.124785  0.121794  0.118313  0.114356  0.109938  0.105078  0.0997945  0.0941092  0.0880449  0.0816261  0.0748786  0.0678296  0.0605075  0.0529417  0.0451628  0.037202  0.0290914  0.0208636  0.0125519  0.00418961  -0.00418955  -0.0125518  -0.0208636  -0.0290913  -0.0372019  -0.0451627  -0.0529417  -0.0605074  -0.0678295  -0.0748785  -0.081626  -0.0880448  -0.0941091  -0.0997945  -0.105078  -0.109938  -0.114356  -0.118313  -0.121794  -0.124785  -0.127272  -0.129248  -0.130703  -0.131632  -0.13203  -0.131897  -0.131233  -0.130041  -0.128325  -0.126092  -0.123351  -0.120114  -0.116393  -0.112204  -0.107562  -0.102488  -0.0970006  -0.0911229  -0.0848782  -0.0782917  -0.07139  -0.0642008  -0.0567531  -0.0490769  -0.0412031  -0.0331633  -0.0249901  -0.0167162  -0.00837494  0  
0  0.00845174  0.0168694  0.0252192  0.0334675  0.0415809  0.049527  0.0572736  0.0647896  0.0720447  0.0790097  0.0856565  0.0919585  0.0978902  0.103428  0.108549  0.113233  0.117461  0.121216  0.124483  0.127248  0.129502  0.131233  0.132437  0.133107  0.133241  0.132839  0.131902  0.130433  0.12844  0.125929  0.122911  0.119398  0.115405  0.110947  0.106042  0.10071  0.0949722  0.0888523  0.0823746  0.0755652  0.0684516  0.0610623  0.0534272  0.0455769  0.0375431  0.0293582  0.021055  0.012667  0.00422803  -0.00422797  -0.0126669  -0.0210549  -0.0293581  -0.0375431  -0.0455769  -0.0534271  -0.0610623  -0.0684515  -0.0755652  -0.0823745  -0.0888522  -0.0949721  -0.10071  -0.106042  -0.110946  -0.115405  -0.119398  -0.122911  -0.125929  -0.12844  -0.130433  -0.131902  -0.132839  -0.133241  -0.133107  -0.132437  -0.131233  -0.129502  -0.127248  -0.124483  -0.121216  -0.117461  -0.113233  -0.108549  -0.103428  -0.0978901  -0.0919585  -0.0856565  -0.0790097  -0.0720447  -0.0647895  -0.0572736  -0.049527  -0.0415809  -0.0334675  -0.0252192  -0.0168694  -0.00845174  0  
0  0.00849451  0.0169548  0.0253468  0.0336368  0.0417913  0.0497776  0.0575634  0.0651174  0.0724092  0.0794095  0.08609  0.0924238  0.0983855  0.103951  0.109098  0.113806  0.118055  0.121829  0.125112  0.127892  0.130157  0.131897  0.133107  0.133781  0.133915  0.133511  0.132569  0.131093  0.12909  0.126566  0.123533  0.120002  0.115989  0.111508  0.106578  0.101219  0.0954527  0.0893019  0.0827914  0.0759476  0.068798  0.0613713  0.0536975  0.0458075  0.0377331  0.0295067  0.0211615  0.0127311  0.00424942  -0.00424936  -0.012731  -0.0211614  -0.0295066  -0.037733  -0.0458075  -0.0536975  -0.0613713  -0.0687979  -0.0759475  -0.0827914  -0.0893018  -0.0954527  -0.101219  -0.106578  -0.111508  -0.115989  -0.120002  -0.123533  -0.126566  -0.129089  -0.131093  -0.132569  -0.133511  -0.133915  -0.13378  -0.133107  -0.131897  -0.130157  -0.127892  -0.125112  -0.121829  -0.118055  -0.113806  -0.109098  -0.103951  -0.0983855  -0.0924238  -0.0860899  -0.0794094  -0.0724092  -0.0651174  -0.0575634  -0.0497776  -0.0417913  -0.0336368  -0.0253468  -0.0169548  -0.0084945  0  
0  0.00850307  0.0169719  0.0253724  0.0336707  0.0418335  0.0498278  0.0576214  0.065183  0.0724822  0.0794895  0.0861767  0.092517  0.0984847  0.104056  0.109208  0.11392  0.118174  0.121952  0.125239  0.128021  0.130288  0.13203  0.133241  0.133915  0.13405  0.133646  0.132703  0.131225  0.12922  0.126694  0.123657  0.120123  0.116106  0.11162  0.106686  0.101321  0.0955489  0.0893919  0.0828749  0.0760242  0.0688673  0.0614332  0.0537517  0.0458537  0.0377711  0.0295364  0.0211828  0.0127439  0.00425371  -0.00425364  -0.0127439  -0.0211828  -0.0295364  -0.0377711  -0.0458536  -0.0537516  -0.0614331  -0.0688673  -0.0760241  -0.0828748  -0.0893918  -0.0955489  -0.101321  -0.106686  -0.11162  -0.116106  -0.120123  -0.123657  -0.126694  -0.12922  -0.131225  -0.132703  -0.133645  -0.13405  -0.133915  -0.133241  -0.13203  -0.130288  -0.128021  -0.125239  -0.121952  -0.118174  -0.11392  -0.109208  -0.104056  -0.0984846  -0.0925169  -0.0861767  -0.0794895  -0.0724822  -0.065183  -0.0576214  -0.0498277  -0.0418334  -0.0336707  -0.0253724  -0.0169719  -0.00850307  0  
0  0.00847739  0.0169206  0.0252958  0.033569  0.0417071  0.0496773  0.0574474  0.0649862  0.0722633  0.0792495  0.0859165  0.0922376  0.0981873  0.103742  0.108878  0.113576  0.117817  0.121584  0.12486  0.127634  0.129895  0.131632  0.132839  0.133511  0.133646  0.133242  0.132302  0.130829  0.128829  0.126311  0.123284  0.119761  0.115755  0.111283  0.106363  0.101015  0.0952604  0.0891219  0.0826246  0.0757946  0.0686594  0.0612477  0.0535893  0.0457152  0.0376571  0.0294473  0.0211189  0.0127054  0.00424086  -0.0042408  -0.0127054  -0.0211188  -0.0294472  -0.037657  -0.0457152  -0.0535893  -0.0612476  -0.0686593  -0.0757945  -0.0826245  -0.0891219  -0.0952603  -0.101015  -0.106363  -0.111283  -0.115755  -0.119761  -0.123284  -0.126311  -0.128829  -0.130829  -0.132302  -0.133242  -0.133645  -0.133511  -0.132839  -0.131632  -0.129895  -0.127634  -0.12486  -0.121584  -0.117817  -0.113576  -0.108878  -0.103742  -0.0981872  -0.0922376  -0.0859165  -0.0792495  -0.0722633  -0.0649862  -0.0574474  -0.0496773  -0.0417071  -0.033569  -0.0252958  -0.0169206  -0.00847739  0  
0  0.00841758  0.0168013  0.0251173  0.0333322  0.0414129  0.0493268  0.0570421  0.0645277  0.0717535  0.0786903  0.0853103  0.0915868  0.0974945  0.10301  0.10811  0.112775  0.116986  0.120726  0.123979  0.126734  0.128978  0.130703  0.131902  0.132569  0.132703  0.132302  0.131368  0.129906  0.12792  0.12542  0.122414  0.118916  0.114938  0.110498  0.105613  0.100303  0.0945883  0.0884931  0.0820417  0.0752598  0.0681749  0.0608155  0.0532112  0.0453927  0.0373914  0.0292395  0.0209699  0.0126158  0.00421094  -0.00421088  -0.0126157  -0.0209698  -0.0292394  -0.0373913  -0.0453926  -0.0532112  -0.0608155  -0.0681749  -0.0752597  -0.0820416  -0.0884931  -0.0945882  -0.100303  -0.105613  -0.110498  -0.114938  -0.118916  -0.122414  -0.12542  -0.12792  -0.129906  -0.131368  -0.132302  -0.132703  -0.132569  -0.131902  -0.130703  -0.128978  -0.126734  -0.123979  -0.120726  -0.116986  -0.112775  -0.10811  -0.10301  -0.0974945  -0.0915868  -0.0853103  -0.0786903  -0.0717535  -0.0645277  -0.0570421  -0.0493268  -0.0414129  -0.0333322  -0.0251173  -0.0168013  -0.00841758  0  
0  0.00832387  0.0166142  0.0248377  0.0329611  0.0409518  0.0487777  0.0564071  0.0638094  0.0709547  0.0778143  0.0843606  0.0905672  0.0964092  0.101863  0.106906  0.11152  0.115684  0.119382  0.122599  0.125323  0.127542  0.129248  0.130433  0.131093  0.131225  0.130829  0.129906  0.12846  0.126496  0.124024  0.121051  0.117592  0.113659  0.109268  0.104437  0.099186  0.0935353  0.087508  0.0811283  0.074422  0.067416  0.0601385  0.0526189  0.0448874  0.0369751  0.028914  0.0207364  0.0124754  0.00416406  -0.004164  -0.0124753  -0.0207364  -0.0289139  -0.0369751  -0.0448873  -0.0526188  -0.0601384  -0.0674159  -0.0744219  -0.0811283  -0.0875079  -0.0935352  -0.0991859  -0.104437  -0.109268  -0.113659  -0.117592  -0.121051  -0.124024  -0.126496  -0.12846  -0.129906  -0.130829  -0.131225  -0.131093  -0.130433  -0.129248  -0.127542  -0.125323  -0.122599  -0.119382  -0.115684  -0.111519  -0.106906  -0.101863  -0.0964091  -0.0905672  -0.0843606  -0.0778143  -0.0709547  -0.0638093  -0.0564071  -0.0487776  -0.0409518  -0.0329611  -0.0248377  -0.0166142  -0.00832387  0  
0  0.00819665  0.0163603  0.0244581  0.0324573  0.0403259  0.0480321  0.0555449  0.0628341  0.0698702  0.076625  0.0830712  0.089183  0.0949356  0.100306  0.105272  0.109815  0.113915  0.117557  0.120725  0.123408  0.125593  0.127273  0.12844  0.12909  0.12922  0.128829  0.12792  0.126496  0.124563  0.122128  0.119201  0.115795  0.111922  0.107598  0.102841  0.09767  0.0921057  0.0861705  0.0798884  0.0732845  0.0663856  0.0592193  0.0518146  0.0442013  0.03641  0.0284721  0.0204195  0.0122847  0.00410042  -0.00410036  -0.0122846  -0.0204194  -0.028472  -0.0364099  -0.0442012  -0.0518146  -0.0592193  -0.0663855  -0.0732844  -0.0798883  -0.0861704  -0.0921056  -0.0976699  -0.102841  -0.107598  -0.111922  -0.115795  -0.119201  -0.122128  -0.124563  -0.126496  -0.12792  -0.128829  -0.12922  -0.129089  -0.12844  -0.127272  -0.125593  -0.123408  -0.120725  -0.117557  -0.113915  -0.109815  -0.105272  -0.100306  -0.0949356  -0.089183  -0.0830712  -0.076625  -0.0698702  -0.0628341  -0.0555449  -0.0480321  -0.0403259  -0.0324573  -0.024458  -0.0163603  -0.00819664  0  
0  0.00803642  0.0160405  0.0239799  0.0318229  0.0395376  0.0470932  0.0544591  0.0616058  0.0685044  0.0751271  0.0814473  0.0874396  0.0930798  0.0983452  0.103215  0.107668  0.111689  0.115259  0.118365  0.120995  0.123138  0.124785  0.125929  0.126566  0.126694  0.126311  0.12542  0.124024  0.122128  0.119741  0.116871  0.113531  0.109734  0.105495  0.100831  0.0957607  0.0903052  0.084486  0.0783267  0.0718519  0.0650879  0.0580617  0.0508018  0.0433373  0.0356982  0.0279155  0.0200203  0.0120445  0.00402026  -0.0040202  -0.0120445  -0.0200203  -0.0279154  -0.0356982  -0.0433372  -0.0508017  -0.0580616  -0.0650878  -0.0718519  -0.0783266  -0.084486  -0.0903051  -0.0957607  -0.100831  -0.105495  -0.109734  -0.113531  -0.116871  -0.119741  -0.122128  -0.124024  -0.12542  -0.126311  -0.126694  -0.126566  -0.125929  -0.124785  -0.123138  -0.120995  -0.118365  -0.115259  -0.111689  -0.107668  -0.103215  -0.0983452  -0.0930798  -0.0874396  -0.0814473  -0.0751271  -0.0685043  -0.0616058  -0.0544591  -0.0470932  -0.0395376  -0.0318228  -0.0239799  -0.0160405  -0.00803642  0  
0  0.00784383  0.0156561  0.0234053  0.0310602  0.0385901  0.0459646  0.053154  0.0601294  0.0668627  0.0733267  0.0794955  0.0853442  0.0908492  0.0959884  0.100741  0.105088  0.109012  0.112497  0.115529  0.118096  0.120187  0.121794  0.122911  0.123533  0.123657  0.123284  0.122414  0.121051  0.119201  0.116871  0.11407  0.11081  0.107104  0.102966  0.0984143  0.0934659  0.0881411  0.0824614  0.0764496  0.07013  0.0635281  0.0566703  0.0495843  0.0422987  0.0348427  0.0272465  0.0195405  0.0117559  0.00392392  -0.00392386  -0.0117558  -0.0195405  -0.0272464  -0.0348427  -0.0422986  -0.0495843  -0.0566702  -0.063528  -0.07013  -0.0764496  -0.0824613  -0.088141  -0.0934658  -0.0984142  -0.102966  -0.107104  -0.11081  -0.11407  -0.116871  -0.119201  -0.121051  -0.122414  -0.123284  -0.123657  -0.123533  -0.122911  -0.121794  -0.120187  -0.118096  -0.115529  -0.112497  -0.109012  -0.105088  -0.100741  -0.0959884  -0.0908492  -0.0853441  -0.0794955  -0.0733267  -0.0668627  -0.0601294  -0.053154  -0.0459646  -0.0385901  -0.0310602  -0.0234053  -0.0156561  -0.00784383  0  
0  0.00761966  0.0152086  0.0227364  0.0301725  0.0374872  0.044651  0.0516349  0.058411  0.0649518  0.0712311  0.0772235  0.0829051  0.0882528  0.0932451  0.0978619  0.102085  0.105896  0.109282  0.112227  0.114721  0.116752  0.118313  0.119398  0.120002  0.120123  0.119761  0.118916  0.117592  0.115795  0.113531  0.11081  0.107643  0.104043  0.100024  0.0956017  0.0907946  0.085622  0.0801047  0.0742647  0.0681257  0.0617125  0.0550507  0.0481672  0.0410898  0.033847  0.0264678  0.0189821  0.0114199  0.00381178  -0.00381172  -0.0114199  -0.018982  -0.0264677  -0.0338469  -0.0410898  -0.0481672  -0.0550506  -0.0617124  -0.0681257  -0.0742647  -0.0801046  -0.085622  -0.0907946  -0.0956016  -0.100024  -0.104043  -0.107643  -0.11081  -0.113531  -0.115795  -0.117592  -0.118916  -0.119761  -0.120123  -0.120002  -0.119398  -0.118313  -0.116752  -0.11472  -0.112227  -0.109282  -0.105896  -0.102085  -0.0978619  -0.0932451  -0.0882527  -0.082905  -0.0772235  -0.0712311  -0.0649518  -0.0584109  -0.0516349  -0.044651  -0.0374872  -0.0301725  -0.0227364  -0.0152086  -0.00761965  0  
0  0.0073648  0.0146999  0.0219759  0.0291634  0.0362334  0.0431575  0.0499079  0.0564573  0.0627793  0.0688486  0.0746406  0.0801321  0.085301  0.0901263  0.0945888  0.0986703  0.102355  0.105627  0.108473  0.110883  0.112847  0.114356  0.115405  0.115989  0.116106  0.115755  0.114938  0.113659  0.111922  0.109734  0.107104  0.104043  0.100563  0.0966782  0.0924041  0.0877578  0.0827582  0.0774254  0.0717808  0.0658471  0.0596484  0.0532094  0.0465562  0.0397155  0.0327149  0.0255825  0.0183472  0.011038  0.00368428  -0.00368422  -0.0110379  -0.0183471  -0.0255825  -0.0327148  -0.0397154  -0.0465561  -0.0532093  -0.0596483  -0.0658471  -0.0717807  -0.0774253  -0.0827582  -0.0877578  -0.092404  -0.0966782  -0.100563  -0.104043  -0.107104  -0.109734  -0.111922  -0.113659  -0.114938  -0.115755  -0.116106  -0.115989  -0.115405  -0.114356  -0.112847  -0.110883  -0.108473  -0.105627  -0.102355  -0.0986703  -0.0945887  -0.0901263  -0.0853009  -0.0801321  -0.0746406  -0.0688486  -0.0627793  -0.0564573  -0.0499079  -0.0431575  -0.0362334  -0.0291634  -0.0219759  -0.0146999  -0.0073648  0  
0  0.00708029  0.0141321  0.0211269  0.0280368  0.0348337  0.0414903  0.0479799  0.0542763  0.0603541  0.0661889  0.0717572  0.0770365  0.0820057  0.0866446  0.0909347  0.0948586  0.0984005  0.101546  0.104283  0.1066  0.108488  0.109938  0.110947  0.111508  0.11162  0.111283  0.110498  0.109268  0.107598  0.105495  0.102966  0.100024  0.0966782  0.0929434  0.0888344  0.0843676  0.0795612  0.0744344  0.0690078  0.0633034  0.0573441  0.0511539  0.0447577  0.0381812  0.0314511  0.0245943  0.0176384  0.0106115  0.00354196  -0.0035419  -0.0106115  -0.0176384  -0.0245942  -0.031451  -0.0381812  -0.0447576  -0.0511538  -0.057344  -0.0633033  -0.0690078  -0.0744343  -0.0795611  -0.0843676  -0.0888343  -0.0929434  -0.0966782  -0.100024  -0.102966  -0.105495  -0.107598  -0.109268  -0.110498  -0.111283  -0.11162  -0.111508  -0.110946  -0.109938  -0.108488  -0.1066  -0.104283  -0.101546  -0.0984005  -0.0948585  -0.0909346  -0.0866446  -0.0820057  -0.0770365  -0.0717572  -0.0661889  -0.0603541  -0.0542763  -0.0479799  -0.0414903  -0.0348336  -0.0280367  -0.0211269  -0.0141321  -0.00708029  0  
0  0.00676727  0.0135073  0.0201929  0.0267972  0.0332937  0.039656  0.0458587  0.0518767  0.0576858  0.0632627  0.0685848  0.0736307  0.0783802  0.0828141  0.0869144  0.0906649  0.0940502  0.0970568  0.0996727  0.101887  0.103691  0.105078  0.106042  0.106578  0.106686  0.106363  0.105613  0.104437  0.102841  0.100831  0.0984143  0.0956017  0.0924041  0.0888344  0.084907  0.0806377  0.0760438  0.0711436  0.065957  0.0605047  0.0548089  0.0488923  0.0427789  0.0364932  0.0300606  0.0235069  0.0168586  0.0101424  0.00338537  -0.00338531  -0.0101424  -0.0168586  -0.0235069  -0.0300605  -0.0364932  -0.0427789  -0.0488923  -0.0548088  -0.0605047  -0.0659569  -0.0711435  -0.0760437  -0.0806377  -0.084907  -0.0888343  -0.092404  -0.0956016  -0.0984142  -0.100831  -0.102841  -0.104437  -0.105613  -0.106363  -0.106686  -0.106578  -0.106042  -0.105078  -0.103691  -0.101887  -0.0996726  -0.0970568  -0.0940502  -0.0906648  -0.0869144  -0.082814  -0.0783802  -0.0736307  -0.0685848  -0.0632627  -0.0576858  -0.0518767  -0.0458587  -0.039656  -0.0332936  -0.0267972  -0.0201929  -0.0135073  -0.00676727  0  
