0  0  0  0  0  0  0  0  0  0  0  0  0  0  0  0  0  0  0  0  0  0  0  0  0  0  0  0  0  0  0  0  0  0  0  0  0  0  0  0  0  0  0  0  0  0  0  0  0  0  0  0  0  0  0  0  0  0  0  0  0  0  0  0  0  0  0  0  0  0  0  0  0  0  0  0  0  0  0  0  0  0  0  0  0  0  0  0  0  0  0  0  0  0  0  0  0  0  0  0  
0  0.00395043  0.00788496  0.0117877  0.015643  0.0194354  0.0231494  0.0267703  0.0302833  0.0336744  0.03693  0.0400368  0.0429824  0.0457549  0.0483432  0.0507368  0.0529261  0.0549024  0.0566575  0.0581845  0.0594772  0.0605304  0.0613399  0.0619024  0.0622156  0.0622783  0.0620903  0.0616522  0.0609659  0.060034  0.0588605  0.0574499  0.055808  0.0539414  0.0518576  0.049565  0.0470727  0.044391  0.0415305  0.0385028  0.03532  0.031995  0.0285412  0.0249724  0.0213031  0.017548  0.0137223  0.0098413  0.00592068  0.00197621  -0.00197621  -0.00592068  -0.0098413  -0.0137223  -0.017548  -0.0213031  -0.0249724  -0.0285412  -0.031995  -0.03532  -0.0385028  -0.0415305  -0.044391  -0.0470727  -0.049565  -0.0518576  -0.0539414  -0.055808  -0.0574499  -0.0588605  -0.060034  -0.0609659  -0.0616522  -0.0620903  -0.0622783  -0.0622156  -0.0619024  -0.0613399  -0.0605304  -0.0594772  -0.0581845  -0.0566575  -0.0549024  -0.0529261  -0.0507368  -0.0483432  -0.0457549  -0.0429824  -0.0400368  -0.03693  -0.0336744  -0.0302833  -0.0267703  -0.0231494  -0.0194354  -0.015643  -0.0117877  -0.00788496  -0.00395043  0  
0  0.00788496  0.0157382  0.023528  0.0312231  0.0387925  0.0462056  0.0534328  0.0604447  0.0672133  0.0737112  0.0799123  0.0857917  0.0913256  0.0964917  0.101269  0.105639  0.109584  0.113087  0.116135  0.118715  0.120817  0.122433  0.123556  0.124181  0.124306  0.123931  0.123056  0.121686  0.119826  0.117484  0.114668  0.111391  0.107666  0.103506  0.0989303  0.0939559  0.0886032  0.0828937  0.0768505  0.0704978  0.0638612  0.0569674  0.0498443  0.0425205  0.0350254  0.0273893  0.019643  0.0118175  0.00394447  -0.00394447  -0.0118175  -0.019643  -0.0273893  -0.0350254  -0.0425205  -0.0498443  -0.0569674  -0.0638612  -0.0704978  -0.0768505  -0.0828937  -0.0886032  -0.0939559  -0.0989303  -0.103506  -0.107666  -0.111391  -0.114668  -0.117484  -0.119826  -0.121686  -0.123056  -0.123931  -0.124306  -0.124181  -0.123556  -0.122433  -0.120817  -0.118715  -0.116135  -0.113087  -0.109584  -0.105639  -0.101269  -0.0964917  -0.0913256  -0.0857917  -0.0799123  -0.0737112  -0.0672133  -0.0604447  -0.0534328  -0.0462056  -0.0387925  -0.0312231  -0.023528  -0.0157382  -0.00788496  0  
0  0.0117877  0.023528  0.0351735  0.0466774  0.0579934  0.0690758  0.0798801  0.0903627  0.100481  0.110196  0.119466  0.128256  0.136528  0.144252  0.151394  0.157927  0.163824  0.169061  0.173617  0.177475  0.180617  0.183033  0.184711  0.185646  0.185833  0.185272  0.183965  0.181917  0.179136  0.175634  0.171425  0.166526  0.160956  0.154738  0.147897  0.140461  0.132459  0.123923  0.114889  0.105392  0.0954702  0.0851643  0.0745155  0.0635666  0.0523618  0.0409461  0.0293656  0.0176668  0.00589684  -0.00589684  -0.0176668  -0.0293656  -0.0409461  -0.0523618  -0.0635666  -0.0745155  -0.0851643  -0.0954702  -0.105392  -0.114889  -0.123923  -0.132459  -0.140461  -0.147897  -0.154738  -0.160956  -0.166526  -0.171425  -0.175634  -0.179136  -0.181917  -0.183965  -0.185272  -0.185833  -0.185646  -0.184711  -0.183033  -0.180617  -0.177475  -0.173617  -0.169061  -0.163824  -0.157927  -0.151394  -0.144252  -0.136528  -0.128256  -0.119466  -0.110196  -0.100481  -0.0903627  -0.0798801  -0.0690758  -0.0579934  -0.0466774  -0.0351735  -0.023528  -0.0117877  0  
0  0.015643  0.0312231  0.0466774  0.0619438  0.0769608  0.0916678  0.106006  0.119917  0.133345  0.146236  0.158539  0.170203  0.181182  0.191431  0.200909  0.209579  0.217404  0.224354  0.230401  0.23552  0.23969  0.242896  0.245123  0.246363  0.246612  0.245867  0.244132  0.241414  0.237725  0.233078  0.227492  0.22099  0.213599  0.205347  0.196269  0.1864  0.175781  0.164454  0.152464  0.139861  0.126695  0.113018  0.0988866  0.0843568  0.0694873  0.054338  0.0389699  0.0234449  0.00782546  -0.00782546  -0.0234449  -0.0389699  -0.054338  -0.0694873  -0.0843568  -0.0988866  -0.113018  -0.126695  -0.139861  -0.152464  -0.164454  -0.175781  -0.1864  -0.196269  -0.205347  -0.213599  -0.22099  -0.227492  -0.233078  -0.237725  -0.241414  -0.244132  -0.245867  -0.246612  -0.246363  -0.245123  -0.242896  -0.23969  -0.23552  -0.230401  -0.224354  -0.217404  -0.209579  -0.200909  -0.191431  -0.181182  -0.170203  -0.158539  -0.146236  -0.133345  -0.119917  -0.106006  -0.0916678  -0.0769608  -0.0619438  -0.0466774  -0.0312231  -0.015643  0  
0  0.0194354  0.0387925  0.0579934  0.0769608  0.0956183  0.113891  0.131705  0.148988  0.165672  0.181688  0.196973  0.211465  0.225105  0.237839  0.249615  0.260386  0.270109  0.278744  0.286256  0.292616  0.297798  0.30178  0.304548  0.306089  0.306397  0.305472  0.303317  0.29994  0.295356  0.289582  0.282642  0.274565  0.265381  0.255129  0.24385  0.231589  0.218395  0.204322  0.189426  0.173768  0.157409  0.140417  0.12286  0.104807  0.086333  0.0675111  0.0484173  0.0291286  0.00972258  -0.00972258  -0.0291286  -0.0484173  -0.0675111  -0.086333  -0.104807  -0.12286  -0.140417  -0.157409  -0.173768  -0.189426  -0.204322  -0.218395  -0.231589  -0.24385  -0.255129  -0.265381  -0.274565  -0.282642  -0.289582  -0.295356  -0.29994  -0.303317  -0.305472  -0.306397  -0.306089  -0.304548  -0.30178  -0.297798  -0.292616  -0.286256  -0.278744  -0.270109  -0.260386  -0.249615  -0.237839  -0.225105  -0.211465  -0.196973  -0.181688  -0.165672  -0.148988  -0.131705  -0.113891  -0.0956183  -0.0769608  -0.0579934  -0.0387925  -0.0194354  0  
0  0.0231494  0.0462056  0.0690758  0.0916678  0.113891  0.135655  0.156873  0.17746  0.197331  0.216409  0.234614  0.251876  0.268122  0.28329  0.297316  0.310146  0.321726  0.332011  0.34096  0.348535  0.354707  0.35945  0.362746  0.364582  0.364949  0.363847  0.36128  0.357258  0.351798  0.344921  0.336655  0.327033  0.316095  0.303884  0.290449  0.275845  0.26013  0.243368  0.225625  0.206974  0.18749  0.167251  0.146338  0.124836  0.102831  0.0804123  0.0576698  0.034695  0.0115805  -0.0115805  -0.034695  -0.0576698  -0.0804123  -0.102831  -0.124836  -0.146338  -0.167251  -0.18749  -0.206974  -0.225625  -0.243368  -0.26013  -0.275845  -0.290449  -0.303884  -0.316095  -0.327033  -0.336655  -0.344921  -0.351798  -0.357258  -0.36128  -0.363847  -0.364949  -0.364582  -0.362746  -0.35945  -0.354707  -0.348535  -0.34096  -0.332011  -0.321726  -0.310146  -0.297316  -0.28329  -0.268122  -0.251876  -0.234614  -0.216409  -0.197331  -0.17746  -0.156873  -0.135655  -0.113891  -0.0916678  -0.0690758  -0.0462056  -0.0231494  0  
0  0.0267703  0.0534328  0.0798801  0.106006  0.131705  0.156873  0.18141  0.205216  0.228196  0.250257  0.271311  0.291272  0.31006  0.3276  0.34382  0.358656  0.372048  0.383942  0.39429  0.40305  0.410187  0.415672  0.419484  0.421607  0.422032  0.420757  0.417789  0.413138  0.406823  0.398871  0.389312  0.378185  0.365536  0.351415  0.335879  0.31899  0.300817  0.281433  0.260916  0.239347  0.216815  0.19341  0.169227  0.144362  0.118915  0.0929897  0.06669  0.0401217  0.0133919  -0.0133919  -0.0401217  -0.06669  -0.0929897  -0.118915  -0.144362  -0.169227  -0.19341  -0.216815  -0.239347  -0.260916  -0.281433  -0.300817  -0.31899  -0.335879  -0.351415  -0.365536  -0.378185  -0.389312  -0.398871  -0.406823  -0.413138  -0.417789  -0.420757  -0.422032  -0.421607  -0.419484  -0.415672  -0.410187  -0.40305  -0.39429  -0.383942  -0.372048  -0.358656  -0.34382  -0.3276  -0.31006  -0.291272  -0.271311  -0.250257  -0.228196  -0.205216  -0.18141  -0.156873  -0.131705  -0.106006  -0.0798801  -0.0534328  -0.0267703  0  
0  0.0302833  0.0604447  0.0903627  0.119917  0.148988  0.17746  0.205216  0.232147  0.258142  0.283099  0.306915  0.329495  0.350749  0.37059  0.38894  0.405723  0.420872  0.434326  0.446032  0.455942  0.464016  0.470221  0.474533  0.476934  0.477415  0.475973  0.472615  0.467354  0.46021  0.451214  0.440401  0.427815  0.413505  0.397531  0.379956  0.360851  0.340294  0.318365  0.295155  0.270757  0.245268  0.218792  0.191434  0.163306  0.13452  0.105193  0.0754417  0.0453869  0.0151493  -0.0151493  -0.0453869  -0.0754417  -0.105193  -0.13452  -0.163306  -0.191434  -0.218792  -0.245268  -0.270757  -0.295155  -0.318365  -0.340294  -0.360851  -0.379956  -0.397531  -0.413505  -0.427815  -0.440401  -0.451214  -0.46021  -0.467354  -0.472615  -0.475973  -0.477415  -0.476934  -0.474533  -0.470221  -0.464016  -0.455942  -0.446032  -0.434326  -0.420872  -0.405723  -0.38894  -0.37059  -0.350749  -0.329495  -0.306915  -0.283099  -0.258142  -0.232147  -0.205216  -0.17746  -0.148988  -0.119917  -0.0903627  -0.0604447  -0.0302833  0  
0  0.0336744  0.0672133  0.100481  0.133345  0.165672  0.197331  0.228196  0.258142  0.287049  0.3148  0.341283  0.366392  0.390026  0.412089  0.432493  0.451155  0.468001  0.482962  0.495979  0.506998  0.515976  0.522876  0.527671  0.530341  0.530876  0.529272  0.525538  0.519688  0.511745  0.501741  0.489717  0.475721  0.45981  0.442047  0.422504  0.401259  0.3784  0.354016  0.328207  0.301076  0.272733  0.243292  0.212871  0.181593  0.149584  0.116972  0.0838896  0.0504693  0.0168457  -0.0168457  -0.0504693  -0.0838896  -0.116972  -0.149584  -0.181593  -0.212871  -0.243292  -0.272733  -0.301076  -0.328207  -0.354016  -0.3784  -0.401259  -0.422504  -0.442047  -0.45981  -0.475721  -0.489717  -0.501741  -0.511745  -0.519688  -0.525538  -0.529272  -0.530876  -0.530341  -0.527671  -0.522876  -0.515976  -0.506998  -0.495979  -0.482962  -0.468001  -0.451155  -0.432493  -0.412089  -0.390026  -0.366392  -0.341283  -0.3148  -0.287049  -0.258142  -0.228196  -0.197331  -0.165672  -0.133345  -0.100481  -0.0672133  -0.0336744  0  
0  0.03693  0.0737112  0.110196  0.146236  0.181688  0.216409  0.250257  0.283099  0.3148  0.345234  0.374277  0.401814  0.427732  0.451928  0.474305  0.494771  0.513245  0.529653  0.543928  0.556013  0.565859  0.573426  0.578684  0.581612  0.582199  0.58044  0.576345  0.569929  0.561218  0.550247  0.537061  0.521712  0.504262  0.484782  0.46335  0.440052  0.414982  0.388241  0.359937  0.330183  0.2991  0.266812  0.233451  0.199149  0.164045  0.128281  0.0919998  0.0553485  0.0184743  -0.0184743  -0.0553485  -0.0919998  -0.128281  -0.164045  -0.199149  -0.233451  -0.266812  -0.2991  -0.330183  -0.359937  -0.388241  -0.414982  -0.440052  -0.46335  -0.484782  -0.504262  -0.521712  -0.537061  -0.550247  -0.561218  -0.569929  -0.576345  -0.58044  -0.582199  -0.581612  -0.578684  -0.573426  -0.565859  -0.556013  -0.543928  -0.529653  -0.513245  -0.494771  -0.474305  -0.451928  -0.427732  -0.401814  -0.374277  -0.345234  -0.3148  -0.283099  -0.250257  -0.216409  -0.181688  -0.146236  -0.110196  -0.0737112  -0.03693  0  
0  0.0400368  0.0799123  0.119466  0.158539  0.196973  0.234614  0.271311  0.306915  0.341283  0.374277  0.405764  0.435617  0.463716  0.489948  0.514207  0.536395  0.556423  0.574211  0.589687  0.602788  0.613463  0.621667  0.627367  0.630542  0.631177  0.629271  0.624831  0.617876  0.608432  0.596538  0.582242  0.565602  0.546684  0.525565  0.50233  0.477072  0.449893  0.420902  0.390217  0.35796  0.324262  0.289259  0.25309  0.215903  0.177846  0.139073  0.0997394  0.0600048  0.0200285  -0.0200285  -0.0600048  -0.0997394  -0.139073  -0.177846  -0.215903  -0.25309  -0.289259  -0.324262  -0.35796  -0.390217  -0.420902  -0.449893  -0.477072  -0.50233  -0.525565  -0.546684  -0.565602  -0.582242  -0.596538  -0.608432  -0.617876  -0.624831  -0.629271  -0.631177  -0.630542  -0.627367  -0.621667  -0.613463  -0.602788  -0.589687  -0.574211  -0.556423  -0.536395  -0.514207  -0.489948  -0.463716  -0.435617  -0.405764  -0.374277  -0.341283  -0.306915  -0.271311  -0.234614  -0.196973  -0.158539  -0.119466  -0.0799123  -0.0400368  0  
0  0.0429824  0.0857917  0.128256  0.170203  0.211465  0.251876  0.291272  0.329495  0.366392  0.401814  0.435617  0.467666  0.497833  0.525994  0.552038  0.575859  0.597361  0.616457  0.633072  0.647137  0.658596  0.667404  0.673524  0.676932  0.677614  0.675568  0.670802  0.663334  0.653196  0.640427  0.625079  0.607215  0.586905  0.564232  0.539288  0.512171  0.482993  0.451869  0.418926  0.384296  0.348119  0.31054  0.271711  0.231787  0.19093  0.149304  0.107078  0.0644195  0.021502  -0.021502  -0.0644195  -0.107078  -0.149304  -0.19093  -0.231787  -0.271711  -0.31054  -0.348119  -0.384296  -0.418926  -0.451869  -0.482993  -0.512171  -0.539288  -0.564232  -0.586905  -0.607215  -0.625079  -0.640427  -0.653196  -0.663334  -0.670802  -0.675568  -0.677614  -0.676932  -0.673524  -0.667404  -0.658596  -0.647137  -0.633072  -0.616457  -0.597361  -0.575859  -0.552038  -0.525994  -0.497833  -0.467666  -0.435617  -0.401814  -0.366392  -0.329495  -0.291272  -0.251876  -0.211465  -0.170203  -0.128256  -0.0857917  -0.0429824  0  
0  0.0457549  0.0913256  0.136528  0.181182  0.225105  0.268122  0.31006  0.350749  0.390026  0.427732  0.463716  0.497833  0.529945  0.559923  0.587646  0.613004  0.635893  0.656221  0.673907  0.68888  0.701078  0.710454  0.716969  0.720597  0.721323  0.719145  0.714071  0.706122  0.695329  0.681737  0.665399  0.646382  0.624763  0.600628  0.574074  0.545208  0.514148  0.481016  0.445949  0.409085  0.370574  0.330571  0.289237  0.246738  0.203246  0.158935  0.113984  0.0685748  0.022889  -0.022889  -0.0685748  -0.113984  -0.158935  -0.203246  -0.246738  -0.289237  -0.330571  -0.370574  -0.409085  -0.445949  -0.481016  -0.514148  -0.545208  -0.574074  -0.600628  -0.624763  -0.646382  -0.665399  -0.681737  -0.695329  -0.706122  -0.714071  -0.719145  -0.721323  -0.720597  -0.716969  -0.710454  -0.701078  -0.68888  -0.673907  -0.656221  -0.635893  -0.613004  -0.587646  -0.559923  -0.529945  -0.497833  -0.463716  -0.427732  -0.390026  -0.350749  -0.31006  -0.268122  -0.225105  -0.181182  -0.136528  -0.0913256  -0.0457549  0  
0  0.0483432  0.0964917  0.144252  0.191431  0.237839  0.28329  0.3276  0.37059  0.412089  0.451928  0.489948  0.525994  0.559923  0.591597  0.620889  0.647681  0.671864  0.693343  0.712029  0.727849  0.740737  0.750643  0.757527  0.76136  0.762127  0.759826  0.754465  0.746066  0.734663  0.720302  0.70304  0.682947  0.660105  0.634604  0.606548  0.57605  0.543232  0.508227  0.471175  0.432226  0.391537  0.349271  0.305599  0.260696  0.214743  0.167926  0.120432  0.0724539  0.0241838  -0.0241838  -0.0724539  -0.120432  -0.167926  -0.214743  -0.260696  -0.305599  -0.349271  -0.391537  -0.432226  -0.471175  -0.508227  -0.543232  -0.57605  -0.606548  -0.634604  -0.660105  -0.682947  -0.70304  -0.720302  -0.734663  -0.746066  -0.754465  -0.759826  -0.762127  -0.76136  -0.757527  -0.750643  -0.740737  -0.727849  -0.712029  -0.693343  -0.671864  -0.647681  -0.620889  -0.591597  -0.559923  -0.525994  -0.489948  -0.451928  -0.412089  -0.37059  -0.3276  -0.28329  -0.237839  -0.191431  -0.144252  -0.0964917  -0.0483432  0  
0  0.0507368  0.101269  0.151394  0.200909  0.249615  0.297316  0.34382  0.38894  0.432493  0.474305  0.514207  0.552038  0.587646  0.620889  0.651631  0.679749  0.70513  0.727672  0.747284  0.763887  0.777414  0.78781  0.795034  0.799057  0.799863  0.797447  0.791821  0.783006  0.771038  0.755966  0.73785  0.716762  0.692789  0.666025  0.63658  0.604572  0.570129  0.533391  0.494505  0.453627  0.410923  0.366564  0.32073  0.273604  0.225376  0.17624  0.126395  0.0760414  0.0253812  -0.0253812  -0.0760414  -0.126395  -0.17624  -0.225376  -0.273604  -0.32073  -0.366564  -0.410923  -0.453627  -0.494505  -0.533391  -0.570129  -0.604572  -0.63658  -0.666025  -0.692789  -0.716762  -0.73785  -0.755966  -0.771038  -0.783006  -0.791821  -0.797447  -0.799863  -0.799057  -0.795034  -0.78781  -0.777414  -0.763887  -0.747284  -0.727672  -0.70513  -0.679749  -0.651631  -0.620889  -0.587646  -0.552038  -0.514207  -0.474305  -0.432493  -0.38894  -0.34382  -0.297316  -0.249615  -0.200909  -0.151394  -0.101269  -0.0507368  0  
0  0.0529261  0.105639  0.157927  0.209579  0.260386  0.310146  0.358656  0.405723  0.451155  0.494771  0.536395  0.575859  0.613004  0.647681  0.679749  0.709081  0.735557  0.759072  0.77953  0.796849  0.81096  0.821805  0.829341  0.833537  0.834377  0.831858  0.825989  0.816793  0.804309  0.788586  0.769688  0.747691  0.722683  0.694765  0.664049  0.63066  0.594731  0.556407  0.515843  0.473201  0.428655  0.382382  0.334569  0.28541  0.235101  0.183845  0.131849  0.0793226  0.0264764  -0.0264764  -0.0793226  -0.131849  -0.183845  -0.235101  -0.28541  -0.334569  -0.382382  -0.428655  -0.473201  -0.515843  -0.556407  -0.594731  -0.63066  -0.664049  -0.694765  -0.722683  -0.747691  -0.769688  -0.788586  -0.804309  -0.816793  -0.825989  -0.831858  -0.834377  -0.833537  -0.829341  -0.821805  -0.81096  -0.796849  -0.77953  -0.759072  -0.735557  -0.709081  -0.679749  -0.647681  -0.613004  -0.575859  -0.536395  -0.494771  -0.451155  -0.405723  -0.358656  -0.310146  -0.260386  -0.209579  -0.157927  -0.105639  -0.0529261  0  
0  0.0549024  0.109584  0.163824  0.217404  0.270109  0.321726  0.372048  0.420872  0.468001  0.513245  0.556423  0.597361  0.635893  0.671864  0.70513  0.735557  0.763022  0.787415  0.808637  0.826603  0.84124  0.85249  0.860307  0.864661  0.865532  0.862918  0.85683  0.847292  0.834341  0.818032  0.798428  0.775609  0.749667  0.720707  0.688844  0.654208  0.616937  0.577183  0.535104  0.49087  0.44466  0.39666  0.347062  0.296067  0.243879  0.19071  0.136773  0.0822844  0.027465  -0.027465  -0.0822844  -0.136773  -0.19071  -0.243879  -0.296067  -0.347062  -0.39666  -0.44466  -0.49087  -0.535104  -0.577183  -0.616937  -0.654208  -0.688844  -0.720707  -0.749667  -0.775609  -0.798428  -0.818032  -0.834341  -0.847292  -0.85683  -0.862918  -0.865532  -0.864661  -0.860307  -0.85249  -0.84124  -0.826603  -0.808637  -0.787415  -0.763022  -0.735557  -0.70513  -0.671864  -0.635893  -0.597361  -0.556423  -0.513245  -0.468001  -0.420872  -0.372048  -0.321726  -0.270109  -0.217404  -0.163824  -0.109584  -0.0549024  0  
0  0.0566575  0.113087  0.169061  0.224354  0.278744  0.332011  0.383942  0.434326  0.482962  0.529653  0.574211  0.616457  0.656221  0.693343  0.727672  0.759072  0.787415  0.812587  0.834488  0.853028  0.868133  0.879743  0.88781  0.892302  0.893202  0.890505  0.884222  0.874378  0.861014  0.844183  0.823952  0.800404  0.773633  0.743747  0.710865  0.675122  0.63666  0.595634  0.55221  0.506563  0.458875  0.40934  0.358157  0.305531  0.251676  0.196807  0.141145  0.0849149  0.028343  -0.028343  -0.0849149  -0.141145  -0.196807  -0.251676  -0.305531  -0.358157  -0.40934  -0.458875  -0.506563  -0.55221  -0.595634  -0.63666  -0.675122  -0.710865  -0.743747  -0.773633  -0.800404  -0.823952  -0.844183  -0.861014  -0.874378  -0.884222  -0.890505  -0.893202  -0.892302  -0.88781  -0.879743  -0.868133  -0.853028  -0.834488  -0.812587  -0.787415  -0.759072  -0.727672  -0.693343  -0.656221  -0.616457  -0.574211  -0.529653  -0.482962  -0.434326  -0.383942  -0.332011  -0.278744  -0.224354  -0.169061  -0.113087  -0.0566575  0  
0  0.0581845  0.116135  0.173617  0.230401  0.286256  0.34096  0.39429  0.446032  0.495979  0.543928  0.589687  0.633072  0.673907  0.712029  0.747284  0.77953  0.808637  0.834488  0.856978  0.876018  0.891531  0.903453  0.911738  0.916351  0.917275  0.914505  0.908053  0.897944  0.884219  0.866935  0.846159  0.821976  0.794483  0.763792  0.730024  0.693317  0.653819  0.611687  0.567093  0.520215  0.471243  0.420373  0.36781  0.313766  0.258459  0.202111  0.144949  0.0872035  0.0291069  -0.0291069  -0.0872035  -0.144949  -0.202111  -0.258459  -0.313766  -0.36781  -0.420373  -0.471243  -0.520215  -0.567093  -0.611687  -0.653819  -0.693317  -0.730024  -0.763792  -0.794483  -0.821976  -0.846159  -0.866935  -0.884219  -0.897944  -0.908053  -0.914505  -0.917275  -0.916351  -0.911738  -0.903453  -0.891531  -0.876018  -0.856978  -0.834488  -0.808637  -0.77953  -0.747284  -0.712029  -0.673907  -0.633072  -0.589687  -0.543928  -0.495979  -0.446032  -0.39429  -0.34096  -0.286256  -0.230401  -0.173617  -0.116135  -0.0581845  0  
0  0.0594772  0.118715  0.177475  0.23552  0.292616  0.348535  0.40305  0.455942  0.506998  0.556013  0.602788  0.647137  0.68888  0.727849  0.763887  0.796849  0.826603  0.853028  0.876018  0.895481  0.911338  0.923526  0.931994  0.93671  0.937654  0.934823  0.928227  0.917894  0.903865  0.886196  0.864958  0.840238  0.812135  0.780761  0.746243  0.708721  0.668345  0.625278  0.579692  0.531773  0.481712  0.429712  0.375982  0.320737  0.264201  0.206601  0.148169  0.0891409  0.0297536  -0.0297536  -0.0891409  -0.148169  -0.206601  -0.264201  -0.320737  -0.375982  -0.429712  -0.481712  -0.531773  -0.579692  -0.625278  -0.668345  -0.708721  -0.746243  -0.780761  -0.812135  -0.840238  -0.864958  -0.886196  -0.903865  -0.917894  -0.928227  -0.934823  -0.937654  -0.93671  -0.931994  -0.923526  -0.911338  -0.895481  -0.876018  -0.853028  -0.826603  -0.796849  -0.763887  -0.727849  -0.68888  -0.647137  -0.602788  -0.556013  -0.506998  -0.455942  -0.40305  -0.348535  -0.292616  -0.23552  -0.177475  -0.118715  -0.0594772  0  
0  0.0605304  0.120817  0.180617  0.23969  0.297798  0.354707  0.410187  0.464016  0.515976  0.565859  0.613463  0.658596  0.701078  0.740737  0.777414  0.81096  0.84124  0.868133  0.891531  0.911338  0.927476  0.939879  0.948498  0.953297  0.954258  0.951377  0.944664  0.934148  0.91987  0.901888  0.880275  0.855117  0.826516  0.794587  0.759458  0.721271  0.68018  0.63635  0.589958  0.54119  0.490243  0.437321  0.382639  0.326417  0.268879  0.21026  0.150793  0.0907194  0.0302805  -0.0302805  -0.0907194  -0.150793  -0.21026  -0.268879  -0.326417  -0.382639  -0.437321  -0.490243  -0.54119  -0.589958  -0.63635  -0.68018  -0.721271  -0.759458  -0.794587  -0.826516  -0.855117  -0.880275  -0.901888  -0.91987  -0.934148  -0.944664  -0.951377  -0.954258  -0.953297  -0.948498  -0.939879  -0.927476  -0.911338  -0.891531  -0.868133  -0.84124  -0.81096  -0.777414  -0.740737  -0.701078  -0.658596  -0.613463  -0.565859  -0.515976  -0.464016  -0.410187  -0.354707  -0.297798  -0.23969  -0.180617  -0.120817  -0.0605304  0  
0  0.0613399  0.122433  0.183033  0.242896  0.30178  0.35945  0.415672  0.470221  0.522876  0.573426  0.621667  0.667404  0.710454  0.750643  0.78781  0.821805  0.85249  0.879743  0.903453  0.923526  0.939879  0.952448  0.961182  0.966046  0.96702  0.9641  0.957297  0.94664  0.932172  0.913949  0.892047  0.866553  0.837569  0.805213  0.769614  0.730917  0.689276  0.64486  0.597847  0.548427  0.496799  0.44317  0.387757  0.330782  0.272475  0.213071  0.15281  0.0919326  0.0306854  -0.0306854  -0.0919326  -0.15281  -0.213071  -0.272475  -0.330782  -0.387757  -0.44317  -0.496799  -0.548427  -0.597847  -0.64486  -0.689276  -0.730917  -0.769614  -0.805213  -0.837569  -0.866553  -0.892047  -0.913949  -0.932172  -0.94664  -0.957297  -0.9641  -0.96702  -0.966046  -0.961182  -0.952448  -0.939879  -0.923526  -0.903453  -0.879743  -0.85249  -0.821805  -0.78781  -0.750643  -0.710454  -0.667404  -0.621667  -0.573426  -0.522876  -0.470221  -0.415672  -0.35945  -0.30178  -0.242896  -0.183033  -0.122433  -0.0613399  0  
0  0.0619024  0.123556  0.184711  0.245123  0.304548  0.362746  0.419484  0.474533  0.527671  0.578684  0.627367  0.673524  0.716969  0.757527  0.795034  0.829341  0.860307  0.88781  0.911738  0.931994  0.948498  0.961182  0.969996  0.974905  0.975887  0.97294  0.966076  0.955321  0.94072  0.92233  0.900227  0.874499  0.84525  0.812597  0.776672  0.737619  0.695597  0.650773  0.603329  0.553456  0.501354  0.447234  0.391312  0.333815  0.274974  0.215025  0.154211  0.0927757  0.0309668  -0.0309668  -0.0927757  -0.154211  -0.215025  -0.274974  -0.333815  -0.391312  -0.447234  -0.501354  -0.553456  -0.603329  -0.650773  -0.695597  -0.737619  -0.776672  -0.812597  -0.84525  -0.874499  -0.900227  -0.92233  -0.94072  -0.955321  -0.966076  -0.97294  -0.975887  -0.974905  -0.969996  -0.961182  -0.948498  -0.931994  -0.911738  -0.88781  -0.860307  -0.829341  -0.795034  -0.757527  -0.716969  -0.673524  -0.627367  -0.578684  -0.527671  -0.474533  -0.419484  -0.362746  -0.304548  -0.245123  -0.184711  -0.123556  -0.0619024  0  
0  0.0622156  0.124181  0.185646  0.246363  0.306089  0.364582  0.421607  0.476934  0.530341  0.581612  0.630542  0.676932  0.720597  0.76136  0.799057  0.833537  0.864661  0.892302  0.916351  0.93671  0.953297  0.966046  0.974905  0.979838  0.980825  0.977864  0.970964  0.960155  0.94548  0.926997  0.904782  0.878924  0.849527  0.816708  0.780602  0.741352  0.699117  0.654066  0.606382  0.556257  0.503891  0.449497  0.393292  0.335504  0.276365  0.216113  0.154991  0.0932451  0.0311235  -0.0311235  -0.0932451  -0.154991  -0.216113  -0.276365  -0.335504  -0.393292  -0.449497  -0.503891  -0.556257  -0.606382  -0.654066  -0.699117  -0.741352  -0.780602  -0.816708  -0.849527  -0.878924  -0.904782  -0.926997  -0.94548  -0.960155  -0.970964  -0.977864  -0.980825  -0.979838  -0.974905  -0.966046  -0.953297  -0.93671  -0.916351  -0.892302  -0.864661  -0.833537  -0.799057  -0.76136  -0.720597  -0.676932  -0.630542  -0.581612  -0.530341  -0.476934  -0.421607  -0.364582  -0.306089  -0.246363  -0.185646  -0.124181  -0.0622156  0  
0  0.0622783  0.124306  0.185833  0.246612  0.306397  0.364949  0.422032  0.477415  0.530876  0.582199  0.631177  0.677614  0.721323  0.762127  0.799863  0.834377  0.865532  0.893202  0.917275  0.937654  0.954258  0.96702  0.975887  0.980825  0.981814  0.978849  0.971943  0.961123  0.946433  0.927932  0.905694  0.87981  0.850383  0.817532  0.781388  0.742099  0.699821  0.654726  0.606994  0.556817  0.504399  0.44995  0.393689  0.335842  0.276644  0.216331  0.155148  0.0933391  0.0311548  -0.0311548  -0.0933391  -0.155148  -0.216331  -0.276644  -0.335842  -0.393689  -0.44995  -0.504399  -0.556817  -0.606994  -0.654726  -0.699821  -0.742099  -0.781388  -0.817532  -0.850383  -0.87981  -0.905694  -0.927932  -0.946433  -0.961123  -0.971943  -0.978849  -0.981814  -0.980825  -0.975887  -0.96702  -0.954258  -0.937654  -0.917275  -0.893202  -0.865532  -0.834377  -0.799863  -0.762127  -0.721323  -0.677614  -0.631177  -0.582199  -0.530876  -0.477415  -0.422032  -0.364949  -0.306397  -0.246612  -0.185833  -0.124306  -0.0622783  0  
0  0.0620903  0.123931  0.185272  0.245867  0.305472  0.363847  0.420757  0.475973  0.529272  0.58044  0.629271  0.675568  0.719145  0.759826  0.797447  0.831858  0.862918  0.890505  0.914505  0.934823  0.951377  0.9641  0.97294  0.977864  0.978849  0.975893  0.969008  0.958221  0.943575  0.92513  0.902959  0.877153  0.847815  0.815063  0.779029  0.739858  0.697708  0.652748  0.605161  0.555136  0.502876  0.448591  0.3925  0.334828  0.275808  0.215678  0.154679  0.0930572  0.0310608  -0.0310608  -0.0930572  -0.154679  -0.215678  -0.275808  -0.334828  -0.3925  -0.448591  -0.502876  -0.555136  -0.605161  -0.652748  -0.697708  -0.739858  -0.779029  -0.815063  -0.847815  -0.877153  -0.902959  -0.92513  -0.943575  -0.958221  -0.969008  -0.975893  -0.978849  -0.977864  -0.97294  -0.9641  -0.951377  -0.934823  -0.914505  -0.890505  -0.862918  -0.831858  -0.797447  -0.759826  -0.719145  -0.675568  -0.629271  -0.58044  -0.529272  -0.475973  -0.420757  -0.363847  -0.305472  -0.245867  -0.185272  -0.123931  -0.0620903  0  
0  0.0616522  0.123056  0.183965  0.244132  0.303317  0.36128  0.417789  0.472615  0.525538  0.576345  0.624831  0.670802  0.714071  0.754465  0.791821  0.825989  0.85683  0.884222  0.908053  0.928227  0.944664  0.957297  0.966076  0.970964  0.971943  0.969008  0.962171  0.95146  0.936917  0.918602  0.896589  0.870964  0.841833  0.809312  0.773532  0.734638  0.692785  0.648143  0.600891  0.551219  0.499328  0.445426  0.389731  0.332466  0.273862  0.214156  0.153588  0.0924007  0.0308416  -0.0308416  -0.0924007  -0.153588  -0.214156  -0.273862  -0.332466  -0.389731  -0.445426  -0.499328  -0.551219  -0.600891  -0.648143  -0.692785  -0.734638  -0.773532  -0.809312  -0.841833  -0.870964  -0.896589  -0.918602  -0.936917  -0.95146  -0.962171  -0.969008  -0.971943  -0.970964  -0.966076  -0.957297  -0.944664  -0.928227  -0.908053  -0.884222  -0.85683  -0.825989  -0.791821  -0.754465  -0.714071  -0.670802  -0.624831  -0.576345  -0.525538  -0.472615  -0.417789  -0.36128  -0.303317  -0.244132  -0.183965  -0.123056  -0.0616522  0  
0  0.0609659  0.121686  0.181917  0.241414  0.29994  0.357258  0.413138  0.467354  0.519688  0.569929  0.617876  0.663334  0.706122  0.746066  0.783006  0.816793  0.847292  0.874378  0.897944  0.917894  0.934148  0.94664  0.955321  0.960155  0.961123  0.958221  0.95146  0.940868  0.926487  0.908376  0.886607  0.861269  0.832462  0.800303  0.764921  0.72646  0.685073  0.640928  0.594202  0.545083  0.493769  0.440467  0.385392  0.328765  0.270814  0.211772  0.151878  0.091372  0.0304983  -0.0304983  -0.091372  -0.151878  -0.211772  -0.270814  -0.328765  -0.385392  -0.440467  -0.493769  -0.545083  -0.594202  -0.640928  -0.685073  -0.72646  -0.764921  -0.800303  -0.832462  -0.861269  -0.886607  -0.908376  -0.926487  -0.940868  -0.95146  -0.958221  -0.961123  -0.960155  -0.955321  -0.94664  -0.934148  -0.917894  -0.897944  -0.874378  -0.847292  -0.816793  -0.783006  -0.746066  -0.706122  -0.663334  -0.617876  -0.569929  -0.519688  -0.467354  -0.413138  -0.357258  -0.29994  -0.241414  -0.181917  -0.121686  -0.0609659  0  
0  0.060034  0.119826  0.179136  0.237725  0.295356  0.351798  0.406823  0.46021  0.511745  0.561218  0.608432  0.653196  0.695329  0.734663  0.771038  0.804309  0.834341  0.861014  0.884219  0.903865  0.91987  0.932172  0.94072  0.94548  0.946433  0.943575  0.936917  0.926487  0.912327  0.894492  0.873056  0.848105  0.819738  0.788071  0.75323  0.715356  0.674602  0.631131  0.58512  0.536752  0.486222  0.433735  0.379502  0.32374  0.266674  0.208535  0.149557  0.0899755  0.0300321  -0.0300321  -0.0899755  -0.149557  -0.208535  -0.266674  -0.32374  -0.379502  -0.433735  -0.486222  -0.536752  -0.58512  -0.631131  -0.674602  -0.715356  -0.75323  -0.788071  -0.819738  -0.848105  -0.873056  -0.894492  -0.912327  -0.926487  -0.936917  -0.943575  -0.946433  -0.94548  -0.94072  -0.932172  -0.91987  -0.903865  -0.884219  -0.861014  -0.834341  -0.804309  -0.771038  -0.734663  -0.695329  -0.653196  -0.608432  -0.561218  -0.511745  -0.46021  -0.406823  -0.351798  -0.295356  -0.237725  -0.179136  -0.119826  -0.060034  0  
0  0.0588605  0.117484  0.175634  0.233078  0.289582  0.344921  0.398871  0.451214  0.501741  0.550247  0.596538  0.640427  0.681737  0.720302  0.755966  0.788586  0.818032  0.844183  0.866935  0.886196  0.901888  0.913949  0.92233  0.926997  0.927932  0.92513  0.918602  0.908376  0.894492  0.877007  0.85599  0.831526  0.803714  0.772665  0.738506  0.701372  0.661415  0.618794  0.573682  0.526259  0.476718  0.425256  0.372083  0.317411  0.261462  0.204459  0.146633  0.0882166  0.0294451  -0.0294451  -0.0882166  -0.146633  -0.204459  -0.261462  -0.317411  -0.372083  -0.425256  -0.476718  -0.526259  -0.573682  -0.618794  -0.661415  -0.701372  -0.738506  -0.772665  -0.803714  -0.831526  -0.85599  -0.877007  -0.894492  -0.908376  -0.918602  -0.92513  -0.927932  -0.926997  -0.92233  -0.913949  -0.901888  -0.886196  -0.866935  -0.844183  -0.818032  -0.788586  -0.755966  -0.720302  -0.681737  -0.640427  -0.596538  -0.550247  -0.501741  -0.451214  -0.398871  -0.344921  -0.289582  -0.233078  -0.175634  -0.117484  -0.0588605  0  
0  0.0574499  0.114668  0.171425  0.227492  0.282642  0.336655  0.389312  0.440401  0.489717  0.537061  0.582242  0.625079  0.665399  0.70304  0.73785  0.769688  0.798428  0.823952  0.846159  0.864958  0.880275  0.892047  0.900227  0.904782  0.905694  0.902959  0.896589  0.886607  0.873056  0.85599  0.835476  0.811599  0.784453  0.754149  0.720808  0.684564  0.645564  0.603965  0.559934  0.513648  0.465293  0.415065  0.363166  0.309805  0.255196  0.199559  0.143119  0.0861026  0.0287394  -0.0287394  -0.0861026  -0.143119  -0.199559  -0.255196  -0.309805  -0.363166  -0.415065  -0.465293  -0.513648  -0.559934  -0.603965  -0.645564  -0.684564  -0.720808  -0.754149  -0.784453  -0.811599  -0.835476  -0.85599  -0.873056  -0.886607  -0.896589  -0.902959  -0.905694  -0.904782  -0.900227  -0.892047  -0.880275  -0.864958  -0.846159  -0.823952  -0.798428  -0.769688  -0.73785  -0.70304  -0.665399  -0.625079  -0.582242  -0.537061  -0.489717  -0.440401  -0.389312  -0.336655  -0.282642  -0.227492  -0.171425  -0.114668  -0.0574499  0  
0  0.055808  0.111391  0.166526  0.22099  0.274565  0.327033  0.378185  0.427815  0.475721  0.521712  0.565602  0.607215  0.646382  0.682947  0.716762  0.747691  0.775609  0.800404  0.821976  0.840238  0.855117  0.866553  0.874499  0.878924  0.87981  0.877153  0.870964  0.861269  0.848105  0.831526  0.811599  0.788403  0.762034  0.732595  0.700207  0.665  0.627114  0.586704  0.543931  0.498968  0.451995  0.403203  0.352787  0.300951  0.247902  0.193856  0.139029  0.0836418  0.0279181  -0.0279181  -0.0836418  -0.139029  -0.193856  -0.247902  -0.300951  -0.352787  -0.403203  -0.451995  -0.498968  -0.543931  -0.586704  -0.627114  -0.665  -0.700207  -0.732595  -0.762034  -0.788403  -0.811599  -0.831526  -0.848105  -0.861269  -0.870964  -0.877153  -0.87981  -0.878924  -0.874499  -0.866553  -0.855117  -0.840238  -0.821976  -0.800404  -0.775609  -0.747691  -0.716762  -0.682947  -0.646382  -0.607215  -0.565602  -0.521712  -0.475721  -0.427815  -0.378185  -0.327033  -0.274565  -0.22099  -0.166526  -0.111391  -0.055808  0  
0  0.0539414  0.107666  0.160956  0.213599  0.265381  0.316095  0.365536  0.413505  0.45981  0.504262  0.546684  0.586905  0.624763  0.660105  0.692789  0.722683  0.749667  0.773633  0.794483  0.812135  0.826516  0.837569  0.84525  0.849527  0.850383  0.847815  0.841833  0.832462  0.819738  0.803714  0.784453  0.762034  0.736546  0.708092  0.676787  0.642757  0.606139  0.56708  0.525738  0.482279  0.436877  0.389717  0.340987  0.290885  0.239611  0.187372  0.134379  0.0808442  0.0269843  -0.0269843  -0.0808442  -0.134379  -0.187372  -0.239611  -0.290885  -0.340987  -0.389717  -0.436877  -0.482279  -0.525738  -0.56708  -0.606139  -0.642757  -0.676787  -0.708092  -0.736546  -0.762034  -0.784453  -0.803714  -0.819738  -0.832462  -0.841833  -0.847815  -0.850383  -0.849527  -0.84525  -0.837569  -0.826516  -0.812135  -0.794483  -0.773633  -0.749667  -0.722683  -0.692789  -0.660105  -0.624763  -0.586905  -0.546684  -0.504262  -0.45981  -0.413505  -0.365536  -0.316095  -0.265381  -0.213599  -0.160956  -0.107666  -0.0539414  0  
0  0.0518576  0.103506  0.154738  0.205347  0.255129  0.303884  0.351415  0.397531  0.442047  0.484782  0.525565  0.564232  0.600628  0.634604  0.666025  0.694765  0.720707  0.743747  0.763792  0.780761  0.794587  0.805213  0.812597  0.816708  0.817532  0.815063  0.809312  0.800303  0.788071  0.772665  0.754149  0.732595  0.708092  0.680738  0.650642  0.617927  0.582723  0.545173  0.505428  0.463648  0.42  0.374662  0.327815  0.279647  0.230354  0.180133  0.129187  0.0777211  0.0259419  -0.0259419  -0.0777211  -0.129187  -0.180133  -0.230354  -0.279647  -0.327815  -0.374662  -0.42  -0.463648  -0.505428  -0.545173  -0.582723  -0.617927  -0.650642  -0.680738  -0.708092  -0.732595  -0.754149  -0.772665  -0.788071  -0.800303  -0.809312  -0.815063  -0.817532  -0.816708  -0.812597  -0.805213  -0.794587  -0.780761  -0.763792  -0.743747  -0.720707  -0.694765  -0.666025  -0.634604  -0.600628  -0.564232  -0.525565  -0.484782  -0.442047  -0.397531  -0.351415  -0.303884  -0.255129  -0.205347  -0.154738  -0.103506  -0.0518576  0  
0  0.049565  0.0989303  0.147897  0.196269  0.24385  0.290449  0.335879  0.379956  0.422504  0.46335  0.50233  0.539288  0.574074  0.606548  0.63658  0.664049  0.688844  0.710865  0.730024  0.746243  0.759458  0.769614  0.776672  0.780602  0.781388  0.779029  0.773532  0.764921  0.75323  0.738506  0.720808  0.700207  0.676787  0.650642  0.621877  0.590608  0.556961  0.521071  0.483083  0.44315  0.401432  0.358098  0.313322  0.267284  0.22017  0.17217  0.123476  0.074285  0.024795  -0.024795  -0.074285  -0.123476  -0.17217  -0.22017  -0.267284  -0.313322  -0.358098  -0.401432  -0.44315  -0.483083  -0.521071  -0.556961  -0.590608  -0.621877  -0.650642  -0.676787  -0.700207  -0.720808  -0.738506  -0.75323  -0.764921  -0.773532  -0.779029  -0.781388  -0.780602  -0.776672  -0.769614  -0.759458  -0.746243  -0.730024  -0.710865  -0.688844  -0.664049  -0.63658  -0.606548  -0.574074  -0.539288  -0.50233  -0.46335  -0.422504  -0.379956  -0.335879  -0.290449  -0.24385  -0.196269  -0.147897  -0.0989303  -0.049565  0  
0  0.0470727  0.0939559  0.140461  0.1864  0.231589  0.275845  0.31899  0.360851  0.401259  0.440052  0.477072  0.512171  0.545208  0.57605  0.604572  0.63066  0.654208  0.675122  0.693317  0.708721  0.721271  0.730917  0.737619  0.741352  0.742099  0.739858  0.734638  0.72646  0.715356  0.701372  0.684564  0.665  0.642757  0.617927  0.590608  0.560912  0.528956  0.494871  0.458793  0.420867  0.381247  0.340092  0.297568  0.253845  0.2091  0.163513  0.117267  0.0705499  0.0235482  -0.0235482  -0.0705499  -0.117267  -0.163513  -0.2091  -0.253845  -0.297568  -0.340092  -0.381247  -0.420867  -0.458793  -0.494871  -0.528956  -0.560912  -0.590608  -0.617927  -0.642757  -0.665  -0.684564  -0.701372  -0.715356  -0.72646  -0.734638  -0.739858  -0.742099  -0.741352  -0.737619  -0.730917  -0.721271  -0.708721  -0.693317  -0.675122  -0.654208  -0.63066  -0.604572  -0.57605  -0.545208  -0.512171  -0.477072  -0.440052  -0.401259  -0.360851  -0.31899  -0.275845  -0.231589  -0.1864  -0.140461  -0.0939559  -0.0470727  0  
0  0.044391  0.0886032  0.132459  0.175781  0.218395  0.26013  0.300817  0.340294  0.3784  0.414982  0.449893  0.482993  0.514148  0.543232  0.570129  0.594731  0.616937  0.63666  0.653819  0.668345  0.68018  0.689276  0.695597  0.699117  0.699821  0.697708  0.692785  0.685073  0.674602  0.661415  0.645564  0.627114  0.606139  0.582723  0.556961  0.528956  0.498821  0.466678  0.432655  0.39689  0.359528  0.320717  0.280615  0.239383  0.197187  0.154197  0.110587  0.0665306  0.0222067  -0.0222067  -0.0665306  -0.110587  -0.154197  -0.197187  -0.239383  -0.280615  -0.320717  -0.359528  -0.39689  -0.432655  -0.466678  -0.498821  -0.528956  -0.556961  -0.582723  -0.606139  -0.627114  -0.645564  -0.661415  -0.674602  -0.685073  -0.692785  -0.697708  -0.699821  -0.699117  -0.695597  -0.689276  -0.68018  -0.668345  -0.653819  -0.63666  -0.616937  -0.594731  -0.570129  -0.543232  -0.514148  -0.482993  -0.449893  -0.414982  -0.3784  -0.340294  -0.300817  -0.26013  -0.218395  -0.175781  -0.132459  -0.0886032  -0.044391  0  
0  0.0415305  0.0828937  0.123923  0.164454  0.204322  0.243368  0.281433  0.318365  0.354016  0.388241  0.420902  0.451869  0.481016  0.508227  0.533391  0.556407  0.577183  0.595634  0.611687  0.625278  0.63635  0.64486  0.650773  0.654066  0.654726  0.652748  0.648143  0.640928  0.631131  0.618794  0.603965  0.586704  0.56708  0.545173  0.521071  0.494871  0.466678  0.436606  0.404775  0.371315  0.33636  0.30005  0.262532  0.223958  0.184481  0.144261  0.103461  0.0622435  0.0207757  -0.0207757  -0.0622435  -0.103461  -0.144261  -0.184481  -0.223958  -0.262532  -0.30005  -0.33636  -0.371315  -0.404775  -0.436606  -0.466678  -0.494871  -0.521071  -0.545173  -0.56708  -0.586704  -0.603965  -0.618794  -0.631131  -0.640928  -0.648143  -0.652748  -0.654726  -0.654066  -0.650773  -0.64486  -0.63635  -0.625278  -0.611687  -0.595634  -0.577183  -0.556407  -0.533391  -0.508227  -0.481016  -0.451869  -0.420902  -0.388241  -0.354016  -0.318365  -0.281433  -0.243368  -0.204322  -0.164454  -0.123923  -0.0828937  -0.0415305  0  
