0  0  0  0  0  0  0  0  0  0  0  0  0  0  0  0  0  0  0  0  0  0  0  0  0  0  0  0  0  0  0  0  0  0  0  0  0  0  0  0  0  0  0  0  0  0  0  0  0  0  0  0  0  0  0  0  0  0  0  0  0  0  0  0  0  0  0  0  0  0  0  0  0  0  0  0  0  0  0  0  0  0  0  0  0  0  0  0  0  0  0  0  0  0  0  0  0  0  0  0  
0  0.00329632  0.00657938  0.00983594  0.0130529  0.0162173  0.0193164  0.0223377  0.0252691  0.0280987  0.0308151  0.0334075  0.0358654  0.0381789  0.0403386  0.0423359  0.0441627  0.0458117  0.0472762  0.0485504  0.049629  0.0505079  0.0511833  0.0516527  0.051914  0.0519664  0.0518094  0.0514439  0.0508712  0.0500937  0.0491144  0.0479374  0.0465674  0.0450099  0.0432711  0.0413581  0.0392785  0.0370408  0.0346539  0.0321275  0.0294717  0.0266973  0.0238154  0.0208375  0.0177758  0.0146425  0.0114502  0.00821179  0.00494034  0.00164899  -0.00164899  -0.00494034  -0.00821179  -0.0114502  -0.0146425  -0.0177758  -0.0208375  -0.0238154  -0.0266973  -0.0294717  -0.0321275  -0.0346539  -0.0370408  -0.0392785  -0.041358  -0.0432711  -0.0450099  -0.0465674  -0.0479374  -0.0491144  -0.0500937  -0.0508712  -0.0514439  -0.0518094  -0.0519664  -0.051914  -0.0516527  -0.0511833  -0.0505079  -0.049629  -0.0485504  -0.0472762  -0.0458117  -0.0441627  -0.0423359  -0.0403386  -0.0381789  -0.0358654  -0.0334075  -0.0308151  -0.0280987  -0.0252691  -0.0223377  -0.0193164  -0.0162173  -0.0130529  -0.00983594  -0.00657938  -0.00329632  0  
0  0.00657938  0.0131323  0.0196323  0.0260532  0.0323693  0.038555  0.0445854  0.0504364  0.0560842  0.0615062  0.0666806  0.0715864  0.076204  0.0805147  0.0845013  0.0881476  0.0914389  0.0943621  0.0969053  0.0990582  0.100812  0.102161  0.103097  0.103619  0.103723  0.10341  0.102681  0.101538  0.0999856  0.0980311  0.0956818  0.0929473  0.0898385  0.0863679  0.0825496  0.0783988  0.0739324  0.0691683  0.0641257  0.0588248  0.0532871  0.0475348  0.0415911  0.03548  0.029226  0.0228542  0.0163905  0.00986078  0.00329135  -0.00329134  -0.00986078  -0.0163905  -0.0228542  -0.029226  -0.03548  -0.0415911  -0.0475348  -0.0532871  -0.0588248  -0.0641257  -0.0691683  -0.0739324  -0.0783988  -0.0825496  -0.0863679  -0.0898385  -0.0929473  -0.0956818  -0.0980311  -0.0999856  -0.101538  -0.102681  -0.10341  -0.103723  -0.103619  -0.103097  -0.102161  -0.100812  -0.0990582  -0.0969052  -0.0943621  -0.0914389  -0.0881476  -0.0845013  -0.0805147  -0.076204  -0.0715864  -0.0666806  -0.0615062  -0.0560842  -0.0504364  -0.0445854  -0.038555  -0.0323693  -0.0260532  -0.0196323  -0.0131323  -0.00657938  0  
0  0.00983594  0.0196323  0.0293495  0.0389486  0.0483909  0.0576383  0.0666536  0.0754006  0.0838439  0.0919496  0.0996851  0.107019  0.113922  0.120367  0.126326  0.131777  0.136698  0.141068  0.14487  0.148089  0.150711  0.152726  0.154127  0.154907  0.155063  0.154595  0.153504  0.151795  0.149475  0.146553  0.143041  0.138953  0.134305  0.129117  0.123409  0.117203  0.110526  0.103404  0.0958656  0.087941  0.0796623  0.0710629  0.0621773  0.0530413  0.0436918  0.0341663  0.0245032  0.0147415  0.00492045  -0.00492044  -0.0147415  -0.0245032  -0.0341663  -0.0436918  -0.0530413  -0.0621773  -0.0710629  -0.0796623  -0.087941  -0.0958656  -0.103404  -0.110526  -0.117203  -0.123409  -0.129117  -0.134305  -0.138953  -0.143041  -0.146553  -0.149475  -0.151795  -0.153504  -0.154595  -0.155063  -0.154907  -0.154127  -0.152726  -0.150711  -0.148089  -0.14487  -0.141068  -0.136698  -0.131777  -0.126326  -0.120367  -0.113922  -0.107019  -0.0996851  -0.0919496  -0.0838439  -0.0754006  -0.0666536  -0.0576383  -0.0483909  -0.0389486  -0.0293495  -0.0196323  -0.00983594  0  
0  0.0130529  0.0260532  0.0389486  0.0516872  0.0642177  0.0764896  0.0884535  0.100061  0.111266  0.122023  0.132288  0.142021  0.151182  0.159734  0.167643  0.174877  0.181407  0.187206  0.192251  0.196523  0.200003  0.202677  0.204536  0.205571  0.205778  0.205157  0.203709  0.201441  0.198362  0.194485  0.189824  0.184399  0.178231  0.171346  0.163771  0.155536  0.146675  0.137224  0.12722  0.116703  0.105717  0.0943048  0.0825131  0.0703891  0.0579817  0.0453408  0.0325173  0.0195629  0.00652973  -0.00652973  -0.0195629  -0.0325173  -0.0453408  -0.0579817  -0.0703891  -0.0825131  -0.0943048  -0.105717  -0.116703  -0.12722  -0.137224  -0.146675  -0.155536  -0.163771  -0.171346  -0.178231  -0.184399  -0.189824  -0.194485  -0.198362  -0.201441  -0.203709  -0.205157  -0.205778  -0.205571  -0.204536  -0.202677  -0.200003  -0.196523  -0.192251  -0.187206  -0.181407  -0.174877  -0.167643  -0.159734  -0.151182  -0.142021  -0.132288  -0.122023  -0.111266  -0.100061  -0.0884535  -0.0764896  -0.0642177  -0.0516872  -0.0389486  -0.0260532  -0.0130529  0  
0  0.0162173  0.0323693  0.0483909  0.0642177  0.0797859  0.0950328  0.109897  0.124319  0.13824  0.151605  0.164359  0.176451  0.187833  0.198458  0.208284  0.217272  0.225385  0.23259  0.238858  0.244165  0.248489  0.251812  0.254121  0.255407  0.255664  0.254892  0.253094  0.250276  0.246451  0.241634  0.235843  0.229103  0.22144  0.212885  0.203474  0.193243  0.182234  0.170491  0.158061  0.144995  0.131346  0.117167  0.102517  0.0874534  0.0720381  0.0563327  0.0404004  0.0243055  0.00811273  -0.00811272  -0.0243055  -0.0404004  -0.0563327  -0.0720381  -0.0874534  -0.102517  -0.117167  -0.131346  -0.144995  -0.158061  -0.170491  -0.182234  -0.193243  -0.203474  -0.212885  -0.22144  -0.229103  -0.235843  -0.241634  -0.246451  -0.250276  -0.253094  -0.254892  -0.255664  -0.255407  -0.254121  -0.251812  -0.248489  -0.244165  -0.238858  -0.23259  -0.225385  -0.217272  -0.208284  -0.198458  -0.187833  -0.176451  -0.164359  -0.151605  -0.13824  -0.124319  -0.109897  -0.0950328  -0.0797859  -0.0642177  -0.0483909  -0.0323693  -0.0162173  0  
0  0.0193164  0.038555  0.0576383  0.0764896  0.0950328  0.113193  0.130898  0.148076  0.164657  0.180576  0.195767  0.21017  0.223727  0.236383  0.248087  0.258792  0.268455  0.277037  0.284504  0.290825  0.295975  0.299933  0.302683  0.304215  0.304521  0.303602  0.30146  0.298104  0.293548  0.287809  0.280912  0.272884  0.263757  0.253567  0.242357  0.230171  0.217058  0.203071  0.188266  0.172704  0.156445  0.139557  0.122107  0.104166  0.0858044  0.0670977  0.0481209  0.0289502  0.00966305  -0.00966305  -0.0289502  -0.0481209  -0.0670977  -0.0858044  -0.104166  -0.122107  -0.139557  -0.156445  -0.172704  -0.188266  -0.203071  -0.217058  -0.230171  -0.242357  -0.253567  -0.263757  -0.272884  -0.280912  -0.287809  -0.293548  -0.298104  -0.30146  -0.303602  -0.304521  -0.304215  -0.302683  -0.299933  -0.295975  -0.290825  -0.284504  -0.277037  -0.268455  -0.258792  -0.248087  -0.236383  -0.223727  -0.21017  -0.195767  -0.180576  -0.164657  -0.148076  -0.130898  -0.113193  -0.0950328  -0.0764896  -0.0576383  -0.038555  -0.0193164  0  
0  0.0223377  0.0445854  0.0666536  0.0884535  0.109897  0.130898  0.151372  0.171237  0.190412  0.20882  0.226388  0.243043  0.258721  0.273356  0.286891  0.29927  0.310445  0.320369  0.329004  0.336313  0.342269  0.346846  0.350027  0.351798  0.352152  0.351089  0.348612  0.344731  0.339462  0.332826  0.32485  0.315566  0.305011  0.293228  0.280265  0.266172  0.251008  0.234834  0.217713  0.199717  0.180915  0.161386  0.141206  0.120458  0.0992252  0.0775926  0.0556476  0.0334784  0.0111745  -0.0111745  -0.0334784  -0.0556476  -0.0775926  -0.0992252  -0.120458  -0.141206  -0.161386  -0.180915  -0.199717  -0.217713  -0.234834  -0.251008  -0.266172  -0.280265  -0.293228  -0.305011  -0.315566  -0.32485  -0.332826  -0.339462  -0.344731  -0.348612  -0.351089  -0.352152  -0.351798  -0.350027  -0.346846  -0.342269  -0.336313  -0.329004  -0.320369  -0.310445  -0.29927  -0.286891  -0.273356  -0.258721  -0.243043  -0.226388  -0.20882  -0.190412  -0.171237  -0.151372  -0.130898  -0.109897  -0.0884535  -0.0666536  -0.0445854  -0.0223377  0  
0  0.0252691  0.0504364  0.0754006  0.100061  0.124319  0.148076  0.171237  0.193708  0.2154  0.236224  0.256096  0.274938  0.292673  0.309229  0.324539  0.338544  0.351184  0.362411  0.372179  0.380448  0.387185  0.392362  0.39596  0.397964  0.398365  0.397162  0.39436  0.38997  0.384009  0.376503  0.36748  0.356978  0.345038  0.331708  0.317044  0.301102  0.283948  0.265651  0.246284  0.225925  0.204657  0.182564  0.159737  0.136266  0.112247  0.0877751  0.0629502  0.0378718  0.0126409  -0.0126409  -0.0378718  -0.0629502  -0.0877751  -0.112247  -0.136266  -0.159737  -0.182564  -0.204657  -0.225925  -0.246284  -0.265651  -0.283948  -0.301102  -0.317044  -0.331708  -0.345038  -0.356978  -0.36748  -0.376503  -0.384009  -0.38997  -0.39436  -0.397162  -0.398365  -0.397964  -0.39596  -0.392362  -0.387185  -0.380448  -0.372179  -0.362411  -0.351184  -0.338544  -0.324539  -0.309229  -0.292673  -0.274938  -0.256096  -0.236224  -0.2154  -0.193708  -0.171237  -0.148076  -0.124319  -0.100061  -0.0754006  -0.0504364  -0.0252691  0  
0  0.0280987  0.0560842  0.0838439  0.111266  0.13824  0.164657  0.190412  0.2154  0.23952  0.262676  0.284774  0.305725  0.325446  0.343856  0.360881  0.376453  0.39051  0.402994  0.413855  0.42305  0.430541  0.436299  0.4403  0.442528  0.442974  0.441636  0.43852  0.433638  0.427011  0.418663  0.40863  0.396952  0.383675  0.368853  0.352546  0.334819  0.315745  0.295398  0.273863  0.251224  0.227574  0.203008  0.177624  0.151525  0.124816  0.0976041  0.0699993  0.0421126  0.0140564  -0.0140564  -0.0421126  -0.0699993  -0.0976041  -0.124816  -0.151525  -0.177624  -0.203008  -0.227574  -0.251224  -0.273863  -0.295398  -0.315745  -0.334819  -0.352546  -0.368853  -0.383675  -0.396952  -0.40863  -0.418663  -0.427011  -0.433638  -0.43852  -0.441636  -0.442974  -0.442528  -0.4403  -0.436299  -0.430541  -0.42305  -0.413855  -0.402994  -0.39051  -0.376453  -0.360881  -0.343856  -0.325446  -0.305725  -0.284774  -0.262676  -0.23952  -0.2154  -0.190412  -0.164657  -0.13824  -0.111266  -0.0838439  -0.0560842  -0.0280987  0  
0  0.0308151  0.0615062  0.0919496  0.122023  0.151605  0.180576  0.20882  0.236224  0.262676  0.28807  0.312305  0.335282  0.356909  0.377099  0.39577  0.412848  0.428263  0.441954  0.453865  0.463949  0.472164  0.478479  0.482866  0.48531  0.485799  0.484332  0.480915  0.475561  0.468292  0.459138  0.448135  0.435328  0.420767  0.404512  0.386629  0.367188  0.34627  0.323956  0.300339  0.275512  0.249575  0.222634  0.194796  0.166174  0.136883  0.10704  0.0767666  0.0461839  0.0154153  -0.0154153  -0.0461839  -0.0767666  -0.10704  -0.136883  -0.166174  -0.194796  -0.222634  -0.249575  -0.275512  -0.300339  -0.323956  -0.34627  -0.367188  -0.386629  -0.404512  -0.420767  -0.435328  -0.448135  -0.459138  -0.468292  -0.475561  -0.480915  -0.484332  -0.485799  -0.48531  -0.482866  -0.478479  -0.472164  -0.463949  -0.453865  -0.441954  -0.428263  -0.412848  -0.39577  -0.377099  -0.356909  -0.335282  -0.312305  -0.28807  -0.262676  -0.236224  -0.20882  -0.180576  -0.151605  -0.122023  -0.0919496  -0.0615062  -0.0308151  0  
0  0.0334075  0.0666806  0.0996851  0.132288  0.164359  0.195767  0.226388  0.256096  0.284774  0.312305  0.338578  0.363488  0.386934  0.408823  0.429065  0.447579  0.464291  0.479134  0.492047  0.502979  0.511886  0.518732  0.523489  0.526137  0.526668  0.525077  0.521373  0.515569  0.507688  0.497764  0.485835  0.47195  0.456165  0.438543  0.419155  0.398079  0.3754  0.35121  0.325605  0.29869  0.270571  0.241363  0.211184  0.180154  0.148398  0.116045  0.0832247  0.0500693  0.0167122  -0.0167122  -0.0500692  -0.0832247  -0.116045  -0.148398  -0.180154  -0.211184  -0.241363  -0.270571  -0.29869  -0.325605  -0.35121  -0.3754  -0.398079  -0.419155  -0.438543  -0.456165  -0.47195  -0.485835  -0.497764  -0.507688  -0.515569  -0.521373  -0.525077  -0.526668  -0.526137  -0.523489  -0.518732  -0.511886  -0.502979  -0.492047  -0.479134  -0.464291  -0.447579  -0.429065  -0.408823  -0.386934  -0.363488  -0.338578  -0.312305  -0.284774  -0.256096  -0.226388  -0.195767  -0.164359  -0.132288  -0.0996851  -0.0666806  -0.0334075  0  
0  0.0358654  0.0715864  0.107019  0.142021  0.176451  0.21017  0.243043  0.274938  0.305725  0.335282  0.363488  0.390231  0.415402  0.438901  0.460632  0.480509  0.49845  0.514385  0.528249  0.539985  0.549547  0.556896  0.562003  0.564847  0.565416  0.563708  0.559731  0.5535  0.54504  0.534386  0.521579  0.506673  0.489726  0.470807  0.449993  0.427367  0.403019  0.377049  0.349561  0.320665  0.290478  0.259121  0.226721  0.193408  0.159316  0.124583  0.0893477  0.053753  0.0179417  -0.0179417  -0.053753  -0.0893477  -0.124583  -0.159316  -0.193408  -0.226721  -0.259121  -0.290478  -0.320665  -0.349561  -0.377049  -0.403019  -0.427367  -0.449993  -0.470807  -0.489726  -0.506673  -0.521579  -0.534386  -0.54504  -0.5535  -0.559731  -0.563708  -0.565416  -0.564847  -0.562003  -0.556896  -0.549547  -0.539985  -0.528249  -0.514385  -0.49845  -0.480509  -0.460632  -0.438901  -0.415402  -0.390231  -0.363488  -0.335282  -0.305725  -0.274938  -0.243043  -0.21017  -0.176451  -0.142021  -0.107019  -0.0715864  -0.0358654  0  
0  0.0381789  0.076204  0.113922  0.151182  0.187833  0.223727  0.258721  0.292673  0.325446  0.356909  0.386934  0.415402  0.442197  0.467212  0.490345  0.511503  0.530602  0.547565  0.562323  0.574816  0.584995  0.592818  0.598254  0.601281  0.601887  0.60007  0.595836  0.589203  0.580197  0.568856  0.555223  0.539355  0.521315  0.501176  0.479019  0.454933  0.429016  0.40137  0.372109  0.341349  0.309215  0.275835  0.241345  0.205884  0.169593  0.132619  0.095111  0.0572202  0.019099  -0.019099  -0.0572202  -0.095111  -0.132619  -0.169593  -0.205884  -0.241345  -0.275835  -0.309215  -0.341349  -0.372109  -0.40137  -0.429016  -0.454933  -0.479019  -0.501176  -0.521315  -0.539355  -0.555223  -0.568856  -0.580197  -0.589203  -0.595836  -0.60007  -0.601887  -0.601281  -0.598254  -0.592818  -0.584995  -0.574816  -0.562323  -0.547565  -0.530602  -0.511503  -0.490345  -0.467212  -0.442197  -0.415402  -0.386934  -0.356909  -0.325446  -0.292673  -0.258721  -0.223727  -0.187833  -0.151182  -0.113922  -0.076204  -0.0381789  0  
0  0.0403386  0.0805147  0.120367  0.159734  0.198458  0.236383  0.273356  0.309229  0.343856  0.377099  0.408823  0.438901  0.467212  0.493641  0.518083  0.540438  0.560618  0.57854  0.594132  0.607332  0.618087  0.626353  0.632096  0.635295  0.635935  0.634015  0.629542  0.622533  0.613018  0.601035  0.586631  0.569866  0.550805  0.529527  0.506117  0.480668  0.453284  0.424075  0.393159  0.360659  0.326707  0.291439  0.254998  0.21753  0.179186  0.140121  0.100491  0.0604571  0.0201795  -0.0201794  -0.0604571  -0.100491  -0.140121  -0.179186  -0.21753  -0.254998  -0.291439  -0.326707  -0.360659  -0.393159  -0.424075  -0.453284  -0.480668  -0.506117  -0.529527  -0.550805  -0.569866  -0.586631  -0.601035  -0.613018  -0.622533  -0.629542  -0.634015  -0.635935  -0.635295  -0.632096  -0.626353  -0.618087  -0.607332  -0.594132  -0.57854  -0.560618  -0.540438  -0.518083  -0.493641  -0.467212  -0.438901  -0.408823  -0.377099  -0.343856  -0.309229  -0.273356  -0.236383  -0.198458  -0.159734  -0.120367  -0.0805147  -0.0403386  0  
0  0.0423359  0.0845013  0.126326  0.167643  0.208284  0.248087  0.286891  0.324539  0.360881  0.39577  0.429065  0.460632  0.490345  0.518083  0.543735  0.567197  0.588376  0.607185  0.62355  0.637403  0.64869  0.657366  0.663394  0.66675  0.667422  0.665407  0.660712  0.653357  0.643371  0.630794  0.615677  0.598082  0.578078  0.555746  0.531176  0.504468  0.475728  0.445073  0.412625  0.378516  0.342883  0.305869  0.267624  0.228301  0.188058  0.147059  0.105467  0.0634505  0.0211786  -0.0211786  -0.0634505  -0.105467  -0.147059  -0.188058  -0.228301  -0.267624  -0.305869  -0.342883  -0.378516  -0.412625  -0.445073  -0.475728  -0.504468  -0.531176  -0.555746  -0.578078  -0.598082  -0.615677  -0.630794  -0.643371  -0.653357  -0.660712  -0.665407  -0.667422  -0.66675  -0.663394  -0.657366  -0.64869  -0.637403  -0.62355  -0.607185  -0.588376  -0.567197  -0.543735  -0.518083  -0.490345  -0.460632  -0.429065  -0.39577  -0.360881  -0.324539  -0.286891  -0.248087  -0.208284  -0.167643  -0.126326  -0.0845013  -0.0423359  0  
0  0.0441627  0.0881476  0.131777  0.174877  0.217272  0.258792  0.29927  0.338544  0.376453  0.412848  0.447579  0.480509  0.511503  0.540438  0.567197  0.591672  0.613765  0.633386  0.650456  0.664908  0.676682  0.685731  0.692019  0.695521  0.696222  0.69412  0.689222  0.68155  0.671133  0.658013  0.642244  0.623889  0.603022  0.579727  0.554097  0.526236  0.496256  0.464278  0.43043  0.394849  0.357679  0.319068  0.279172  0.238152  0.196173  0.153404  0.110018  0.0661885  0.0220925  -0.0220925  -0.0661884  -0.110018  -0.153404  -0.196173  -0.238152  -0.279172  -0.319068  -0.357679  -0.394849  -0.43043  -0.464278  -0.496256  -0.526236  -0.554097  -0.579727  -0.603022  -0.623889  -0.642244  -0.658013  -0.671133  -0.68155  -0.689222  -0.69412  -0.696222  -0.695521  -0.692019  -0.685731  -0.676682  -0.664908  -0.650456  -0.633386  -0.613765  -0.591672  -0.567197  -0.540438  -0.511503  -0.480509  -0.447579  -0.412848  -0.376453  -0.338544  -0.29927  -0.258792  -0.217272  -0.174877  -0.131777  -0.0881476  -0.0441627  0  
0  0.0458117  0.0914389  0.136698  0.181407  0.225385  0.268455  0.310445  0.351184  0.39051  0.428263  0.464291  0.49845  0.530602  0.560618  0.588376  0.613765  0.636682  0.657036  0.674744  0.689735  0.701949  0.711336  0.717859  0.721491  0.722218  0.720037  0.714957  0.706998  0.696192  0.682583  0.666225  0.647185  0.625538  0.601373  0.574786  0.545885  0.514786  0.481613  0.446502  0.409593  0.371034  0.330981  0.289596  0.247044  0.203498  0.159132  0.114126  0.0686599  0.0229174  -0.0229174  -0.0686599  -0.114126  -0.159132  -0.203498  -0.247044  -0.289596  -0.330981  -0.371034  -0.409593  -0.446502  -0.481613  -0.514786  -0.545885  -0.574786  -0.601373  -0.625538  -0.647185  -0.666225  -0.682583  -0.696192  -0.706998  -0.714957  -0.720037  -0.722218  -0.721491  -0.717859  -0.711336  -0.701949  -0.689735  -0.674744  -0.657036  -0.636682  -0.613765  -0.588376  -0.560618  -0.530602  -0.49845  -0.464291  -0.428263  -0.39051  -0.351184  -0.310445  -0.268455  -0.225385  -0.181407  -0.136698  -0.0914389  -0.0458117  0  
0  0.0472762  0.0943621  0.141068  0.187206  0.23259  0.277037  0.320369  0.362411  0.402994  0.441954  0.479134  0.514385  0.547565  0.57854  0.607185  0.633386  0.657036  0.67804  0.696314  0.711784  0.724389  0.734076  0.740808  0.744556  0.745307  0.743056  0.737813  0.7296  0.718448  0.704404  0.687523  0.667874  0.645536  0.620598  0.593161  0.563336  0.531242  0.49701  0.460776  0.422687  0.382895  0.341562  0.298854  0.254942  0.210004  0.16422  0.117774  0.0708548  0.02365  -0.02365  -0.0708548  -0.117774  -0.16422  -0.210004  -0.254942  -0.298854  -0.341562  -0.382895  -0.422687  -0.460776  -0.49701  -0.531242  -0.563336  -0.593161  -0.620598  -0.645536  -0.667874  -0.687523  -0.704404  -0.718448  -0.7296  -0.737813  -0.743056  -0.745307  -0.744556  -0.740808  -0.734076  -0.724389  -0.711784  -0.696314  -0.67804  -0.657036  -0.633386  -0.607185  -0.57854  -0.547565  -0.514385  -0.479134  -0.441954  -0.402994  -0.362411  -0.320369  -0.277037  -0.23259  -0.187206  -0.141068  -0.0943621  -0.0472762  0  
0  0.0485504  0.0969053  0.14487  0.192251  0.238858  0.284504  0.329004  0.372179  0.413855  0.453865  0.492047  0.528249  0.562323  0.594132  0.62355  0.650456  0.674744  0.696314  0.715081  0.730968  0.743912  0.75386  0.760773  0.764623  0.765394  0.763082  0.757698  0.749263  0.737811  0.723389  0.706053  0.685874  0.662934  0.637324  0.609148  0.578519  0.54556  0.510405  0.473194  0.434079  0.393215  0.350768  0.306908  0.261813  0.215663  0.168646  0.120948  0.0727644  0.0242874  -0.0242874  -0.0727644  -0.120948  -0.168645  -0.215663  -0.261813  -0.306908  -0.350768  -0.393215  -0.434079  -0.473194  -0.510405  -0.54556  -0.578519  -0.609148  -0.637324  -0.662934  -0.685874  -0.706053  -0.723389  -0.737811  -0.749263  -0.757698  -0.763082  -0.765394  -0.764623  -0.760773  -0.75386  -0.743912  -0.730968  -0.715081  -0.696314  -0.674744  -0.650456  -0.62355  -0.594132  -0.562323  -0.528249  -0.492047  -0.453865  -0.413855  -0.372179  -0.329004  -0.284504  -0.238858  -0.192251  -0.14487  -0.0969053  -0.0485504  0  
0  0.049629  0.0990582  0.148089  0.196523  0.244165  0.290825  0.336313  0.380448  0.42305  0.463949  0.502979  0.539985  0.574816  0.607332  0.637403  0.664908  0.689735  0.711784  0.730968  0.747208  0.76044  0.770609  0.777676  0.781611  0.782399  0.780036  0.774532  0.76591  0.754204  0.73946  0.72174  0.701113  0.677662  0.651484  0.622681  0.591372  0.557681  0.521745  0.483708  0.443723  0.401951  0.358561  0.313727  0.26763  0.220455  0.172392  0.123636  0.0743811  0.024827  -0.024827  -0.0743811  -0.123636  -0.172392  -0.220455  -0.26763  -0.313727  -0.358561  -0.401951  -0.443723  -0.483708  -0.521745  -0.557681  -0.591372  -0.622681  -0.651484  -0.677662  -0.701113  -0.72174  -0.73946  -0.754204  -0.76591  -0.774532  -0.780036  -0.782399  -0.781611  -0.777676  -0.770609  -0.76044  -0.747208  -0.730968  -0.711784  -0.689735  -0.664908  -0.637403  -0.607332  -0.574816  -0.539985  -0.502979  -0.463949  -0.42305  -0.380448  -0.336313  -0.290825  -0.244165  -0.196523  -0.148089  -0.0990582  -0.049629  0  
0  0.0505079  0.100812  0.150711  0.200003  0.248489  0.295975  0.342269  0.387185  0.430541  0.472164  0.511886  0.549547  0.584995  0.618087  0.64869  0.676682  0.701949  0.724389  0.743912  0.76044  0.773906  0.784255  0.791447  0.795452  0.796253  0.793849  0.788248  0.779473  0.767559  0.752555  0.73452  0.713528  0.689662  0.66302  0.633708  0.601844  0.567557  0.530984  0.492273  0.45158  0.409069  0.36491  0.319282  0.272369  0.224359  0.175445  0.125825  0.0756982  0.0252667  -0.0252666  -0.0756982  -0.125825  -0.175445  -0.224359  -0.272369  -0.319282  -0.36491  -0.409069  -0.45158  -0.492273  -0.530984  -0.567557  -0.601844  -0.633708  -0.66302  -0.689662  -0.713528  -0.73452  -0.752555  -0.767559  -0.779473  -0.788248  -0.793849  -0.796253  -0.795452  -0.791447  -0.784255  -0.773906  -0.76044  -0.743912  -0.724389  -0.701949  -0.676682  -0.64869  -0.618087  -0.584995  -0.549547  -0.511886  -0.472164  -0.430541  -0.387185  -0.342269  -0.295975  -0.248489  -0.200003  -0.150711  -0.100812  -0.0505079  0  
0  0.0511833  0.102161  0.152726  0.202677  0.251812  0.299933  0.346846  0.392362  0.436299  0.478479  0.518732  0.556896  0.592818  0.626353  0.657366  0.685731  0.711336  0.734076  0.75386  0.770609  0.784255  0.794743  0.802031  0.806089  0.806902  0.804465  0.798789  0.789897  0.777824  0.762619  0.744343  0.72307  0.698885  0.671887  0.642182  0.609892  0.575147  0.538085  0.498856  0.457619  0.414539  0.36979  0.323552  0.276011  0.227359  0.177791  0.127508  0.0767105  0.0256046  -0.0256045  -0.0767105  -0.127508  -0.177791  -0.227359  -0.276011  -0.323552  -0.36979  -0.414539  -0.457619  -0.498856  -0.538085  -0.575147  -0.609892  -0.642182  -0.671887  -0.698885  -0.72307  -0.744343  -0.762619  -0.777824  -0.789897  -0.798789  -0.804465  -0.806902  -0.806089  -0.802031  -0.794743  -0.784255  -0.770609  -0.75386  -0.734076  -0.711336  -0.685731  -0.657366  -0.626353  -0.592818  -0.556896  -0.518732  -0.478479  -0.436299  -0.392362  -0.346846  -0.299933  -0.251812  -0.202677  -0.152726  -0.102161  -0.0511833  0  
0  0.0516527  0.103097  0.154127  0.204536  0.254121  0.302683  0.350027  0.39596  0.4403  0.482866  0.523489  0.562003  0.598254  0.632096  0.663394  0.692019  0.717859  0.740808  0.760773  0.777676  0.791447  0.802031  0.809386  0.813481  0.814301  0.811842  0.806114  0.79714  0.784956  0.769612  0.751169  0.729701  0.705294  0.678048  0.648071  0.615485  0.580421  0.543019  0.503431  0.461816  0.418341  0.373181  0.326519  0.278542  0.229444  0.179422  0.128677  0.077414  0.0258393  -0.0258393  -0.077414  -0.128677  -0.179422  -0.229444  -0.278542  -0.326519  -0.373181  -0.418341  -0.461816  -0.503431  -0.543019  -0.580421  -0.615485  -0.648071  -0.678048  -0.705294  -0.729701  -0.751169  -0.769612  -0.784956  -0.79714  -0.806114  -0.811842  -0.814301  -0.813481  -0.809386  -0.802031  -0.791447  -0.777676  -0.760773  -0.740808  -0.717859  -0.692019  -0.663394  -0.632096  -0.598254  -0.562003  -0.523489  -0.482866  -0.4403  -0.39596  -0.350027  -0.302683  -0.254121  -0.204536  -0.154127  -0.103097  -0.0516527  0  
0  0.051914  0.103619  0.154907  0.205571  0.255407  0.304215  0.351798  0.397964  0.442528  0.48531  0.526137  0.564847  0.601281  0.635295  0.66675  0.695521  0.721491  0.744556  0.764623  0.781611  0.795452  0.806089  0.813481  0.817597  0.818421  0.81595  0.810193  0.801174  0.788928  0.773506  0.75497  0.733393  0.708863  0.681479  0.651351  0.6186  0.583358  0.545767  0.505978  0.464152  0.420458  0.37507  0.328171  0.279952  0.230605  0.18033  0.129328  0.0778057  0.0259701  -0.0259701  -0.0778057  -0.129328  -0.18033  -0.230605  -0.279952  -0.328171  -0.37507  -0.420458  -0.464152  -0.505978  -0.545767  -0.583358  -0.6186  -0.651351  -0.681479  -0.708863  -0.733393  -0.75497  -0.773506  -0.788928  -0.801174  -0.810193  -0.81595  -0.818421  -0.817597  -0.813481  -0.806089  -0.795452  -0.781611  -0.764623  -0.744556  -0.721491  -0.695521  -0.66675  -0.635295  -0.601281  -0.564847  -0.526137  -0.48531  -0.442528  -0.397964  -0.351798  -0.304215  -0.255407  -0.205571  -0.154907  -0.103619  -0.051914  0  
0  0.0519664  0.103723  0.155063  0.205778  0.255664  0.304521  0.352152  0.398365  0.442974  0.485799  0.526668  0.565416  0.601887  0.635935  0.667422  0.696222  0.722218  0.745307  0.765394  0.782399  0.796253  0.806902  0.814301  0.818421  0.819246  0.816772  0.81101  0.801981  0.789724  0.774286  0.755731  0.734132  0.709577  0.682166  0.652007  0.619223  0.583946  0.546317  0.506488  0.46462  0.420881  0.375448  0.328502  0.280234  0.230837  0.180511  0.129458  0.0778841  0.0259963  -0.0259963  -0.0778841  -0.129458  -0.180511  -0.230837  -0.280234  -0.328502  -0.375448  -0.420881  -0.46462  -0.506488  -0.546317  -0.583946  -0.619223  -0.652007  -0.682166  -0.709577  -0.734132  -0.755731  -0.774286  -0.789724  -0.801981  -0.81101  -0.816772  -0.819246  -0.818421  -0.814301  -0.806902  -0.796253  -0.782399  -0.765394  -0.745307  -0.722218  -0.696222  -0.667422  -0.635935  -0.601887  -0.565416  -0.526668  -0.485799  -0.442974  -0.398365  -0.352152  -0.304521  -0.255664  -0.205778  -0.155063  -0.103723  -0.0519664  0  
0  0.0518094  0.10341  0.154595  0.205157  0.254892  0.303602  0.351089  0.397162  0.441636  0.484332  0.525077  0.563708  0.60007  0.634015  0.665407  0.69412  0.720037  0.743056  0.763082  0.780036  0.793849  0.804465  0.811842  0.81595  0.816772  0.814306  0.808561  0.79956  0.787339  0.771948  0.753448  0.731915  0.707435  0.680106  0.650038  0.617353  0.582182  0.544667  0.504959  0.463217  0.41961  0.374314  0.32751  0.279388  0.23014  0.179966  0.129067  0.0776489  0.0259178  -0.0259178  -0.0776489  -0.129067  -0.179966  -0.23014  -0.279388  -0.32751  -0.374314  -0.41961  -0.463217  -0.504959  -0.544667  -0.582182  -0.617353  -0.650038  -0.680106  -0.707435  -0.731915  -0.753448  -0.771948  -0.787339  -0.79956  -0.808561  -0.814306  -0.816772  -0.81595  -0.811842  -0.804465  -0.793849  -0.780036  -0.763082  -0.743056  -0.720037  -0.69412  -0.665407  -0.634015  -0.60007  -0.563708  -0.525077  -0.484332  -0.441636  -0.397162  -0.351089  -0.303602  -0.254892  -0.205157  -0.154595  -0.10341  -0.0518094  0  
0  0.0514439  0.102681  0.153504  0.203709  0.253094  0.30146  0.348612  0.39436  0.43852  0.480915  0.521373  0.559731  0.595836  0.629542  0.660712  0.689222  0.714957  0.737813  0.757698  0.774532  0.788248  0.798789  0.806114  0.810193  0.81101  0.808561  0.802856  0.793918  0.781784  0.766501  0.748132  0.726751  0.702443  0.675307  0.645452  0.612997  0.578075  0.540824  0.501396  0.459949  0.41665  0.371673  0.325199  0.277417  0.228517  0.178696  0.128157  0.0771011  0.0257349  -0.0257349  -0.0771011  -0.128157  -0.178696  -0.228517  -0.277417  -0.325199  -0.371673  -0.41665  -0.459949  -0.501396  -0.540824  -0.578075  -0.612997  -0.645452  -0.675307  -0.702443  -0.726751  -0.748132  -0.766501  -0.781784  -0.793918  -0.802856  -0.808561  -0.81101  -0.810193  -0.806114  -0.798789  -0.788248  -0.774532  -0.757698  -0.737813  -0.714957  -0.689222  -0.660712  -0.629542  -0.595836  -0.559731  -0.521373  -0.480915  -0.43852  -0.39436  -0.348612  -0.30146  -0.253094  -0.203709  -0.153504  -0.102681  -0.0514439  0  
0  0.0508712  0.101538  0.151795  0.201441  0.250276  0.298104  0.344731  0.38997  0.433638  0.475561  0.515569  0.5535  0.589203  0.622533  0.653357  0.68155  0.706998  0.7296  0.749263  0.76591  0.779473  0.789897  0.79714  0.801174  0.801981  0.79956  0.793918  0.78508  0.773081  0.757968  0.739804  0.718661  0.694624  0.66779  0.638266  0.606173  0.571639  0.534804  0.495814  0.454829  0.412012  0.367535  0.321579  0.274328  0.225973  0.176707  0.12673  0.0762428  0.0254484  -0.0254484  -0.0762428  -0.12673  -0.176707  -0.225973  -0.274328  -0.321579  -0.367535  -0.412012  -0.454829  -0.495814  -0.534804  -0.571639  -0.606173  -0.638266  -0.66779  -0.694624  -0.718661  -0.739804  -0.757968  -0.773081  -0.78508  -0.793918  -0.79956  -0.801981  -0.801174  -0.79714  -0.789897  -0.779473  -0.76591  -0.749263  -0.7296  -0.706998  -0.68155  -0.653357  -0.622533  -0.589203  -0.5535  -0.515569  -0.475561  -0.433638  -0.38997  -0.344731  -0.298104  -0.250276  -0.201441  -0.151795  -0.101538  -0.0508712  0  
0  0.0500937  0.0999856  0.149475  0.198362  0.246451  0.293548  0.339462  0.384009  0.427011  0.468292  0.507688  0.54504  0.580197  0.613018  0.643371  0.671133  0.696192  0.718448  0.737811  0.754204  0.767559  0.777824  0.784956  0.788928  0.789724  0.787339  0.781784  0.773081  0.761265  0.746383  0.728497  0.707677  0.684007  0.657583  0.628511  0.596908  0.562902  0.52663  0.488236  0.447877  0.405714  0.361918  0.316664  0.270135  0.222519  0.174006  0.124793  0.0750775  0.0250595  -0.0250594  -0.0750774  -0.124793  -0.174006  -0.222519  -0.270135  -0.316664  -0.361918  -0.405714  -0.447877  -0.488236  -0.52663  -0.562902  -0.596908  -0.628511  -0.657583  -0.684007  -0.707677  -0.728497  -0.746383  -0.761265  -0.773081  -0.781784  -0.787339  -0.789724  -0.788928  -0.784956  -0.777824  -0.767559  -0.754204  -0.737811  -0.718448  -0.696192  -0.671133  -0.643371  -0.613018  -0.580197  -0.54504  -0.507688  -0.468292  -0.427011  -0.384009  -0.339462  -0.293548  -0.246451  -0.198362  -0.149475  -0.0999856  -0.0500937  0  
0  0.0491144  0.0980311  0.146553  0.194485  0.241634  0.287809  0.332826  0.376503  0.418663  0.459138  0.497764  0.534386  0.568856  0.601035  0.630794  0.658013  0.682583  0.704404  0.723389  0.73946  0.752555  0.762619  0.769612  0.773506  0.774286  0.771948  0.766501  0.757968  0.746383  0.731793  0.714256  0.693843  0.670636  0.644728  0.616225  0.58524  0.551899  0.516335  0.478692  0.439122  0.397783  0.354843  0.310474  0.264855  0.218169  0.170605  0.122354  0.0736098  0.0245696  -0.0245696  -0.0736098  -0.122354  -0.170605  -0.218169  -0.264855  -0.310474  -0.354843  -0.397783  -0.439122  -0.478692  -0.516335  -0.551899  -0.58524  -0.616225  -0.644728  -0.670636  -0.693843  -0.714256  -0.731793  -0.746383  -0.757968  -0.766501  -0.771948  -0.774286  -0.773506  -0.769612  -0.762619  -0.752555  -0.73946  -0.723389  -0.704404  -0.682583  -0.658013  -0.630794  -0.601035  -0.568856  -0.534386  -0.497764  -0.459138  -0.418663  -0.376503  -0.332826  -0.287809  -0.241634  -0.194485  -0.146553  -0.0980311  -0.0491144  0  
0  0.0479374  0.0956818  0.143041  0.189824  0.235843  0.280912  0.32485  0.36748  0.40863  0.448135  0.485835  0.521579  0.555223  0.586631  0.615677  0.642244  0.666225  0.687523  0.706053  0.72174  0.73452  0.744343  0.751169  0.75497  0.755731  0.753448  0.748132  0.739804  0.728497  0.714256  0.697139  0.677215  0.654564  0.629278  0.601457  0.571215  0.538673  0.503961  0.46722  0.428598  0.388251  0.346339  0.303034  0.258508  0.212941  0.166516  0.119422  0.0718458  0.0239808  -0.0239808  -0.0718458  -0.119422  -0.166516  -0.212941  -0.258508  -0.303034  -0.346339  -0.388251  -0.428598  -0.46722  -0.503961  -0.538673  -0.571215  -0.601457  -0.629278  -0.654564  -0.677215  -0.697139  -0.714256  -0.728497  -0.739804  -0.748132  -0.753448  -0.755731  -0.75497  -0.751169  -0.744343  -0.73452  -0.72174  -0.706053  -0.687523  -0.666225  -0.642244  -0.615677  -0.586631  -0.555223  -0.521579  -0.485835  -0.448135  -0.40863  -0.36748  -0.32485  -0.280912  -0.235843  -0.189824  -0.143041  -0.0956818  -0.0479374  0  
0  0.0465674  0.0929473  0.138953  0.184399  0.229103  0.272884  0.315566  0.356978  0.396952  0.435328  0.47195  0.506673  0.539355  0.569866  0.598082  0.623889  0.647185  0.667874  0.685874  0.701113  0.713528  0.72307  0.729701  0.733393  0.734132  0.731915  0.726751  0.718661  0.707677  0.693843  0.677215  0.657861  0.635857  0.611293  0.584268  0.55489  0.523278  0.489558  0.453867  0.416349  0.377155  0.336441  0.294373  0.25112  0.206855  0.161757  0.116008  0.0697925  0.0232954  -0.0232954  -0.0697925  -0.116008  -0.161757  -0.206855  -0.25112  -0.294373  -0.336441  -0.377155  -0.416349  -0.453867  -0.489558  -0.523278  -0.55489  -0.584268  -0.611293  -0.635857  -0.657861  -0.677215  -0.693843  -0.707677  -0.718661  -0.726751  -0.731915  -0.734132  -0.733393  -0.729701  -0.72307  -0.713528  -0.701113  -0.685874  -0.667874  -0.647185  -0.623889  -0.598082  -0.569866  -0.539355  -0.506673  -0.47195  -0.435328  -0.396952  -0.356978  -0.315566  -0.272884  -0.229103  -0.184399  -0.138953  -0.0929473  -0.0465674  0  
0  0.0450099  0.0898385  0.134305  0.178231  0.22144  0.263757  0.305011  0.345038  0.383675  0.420767  0.456165  0.489726  0.521315  0.550805  0.578078  0.603022  0.625538  0.645536  0.662934  0.677662  0.689662  0.698885  0.705294  0.708863  0.709577  0.707435  0.702443  0.694624  0.684007  0.670636  0.654564  0.635857  0.614589  0.590847  0.564726  0.53633  0.505775  0.473184  0.438687  0.402424  0.36454  0.325188  0.284527  0.24272  0.199936  0.156347  0.112128  0.0674581  0.0225163  -0.0225163  -0.0674581  -0.112128  -0.156347  -0.199936  -0.24272  -0.284527  -0.325188  -0.36454  -0.402424  -0.438687  -0.473184  -0.505775  -0.53633  -0.564726  -0.590847  -0.614589  -0.635857  -0.654564  -0.670636  -0.684007  -0.694624  -0.702443  -0.707435  -0.709577  -0.708863  -0.705294  -0.698885  -0.689662  -0.677662  -0.662934  -0.645536  -0.625538  -0.603022  -0.578078  -0.550805  -0.521315  -0.489726  -0.456165  -0.420767  -0.383675  -0.345038  -0.305011  -0.263757  -0.22144  -0.178231  -0.134305  -0.0898385  -0.0450099  0  
0  0.0432711  0.0863679  0.129117  0.171346  0.212885  0.253567  0.293228  0.331708  0.368853  0.404512  0.438543  0.470807  0.501176  0.529527  0.555746  0.579727  0.601373  0.620598  0.637324  0.651484  0.66302  0.671887  0.678048  0.681479  0.682166  0.680106  0.675307  0.66779  0.657583  0.644728  0.629278  0.611293  0.590847  0.568022  0.54291  0.515611  0.486237  0.454904  0.42174  0.386877  0.350457  0.312626  0.273535  0.233344  0.192212  0.150307  0.107797  0.0648521  0.0216464  -0.0216464  -0.0648521  -0.107797  -0.150307  -0.192212  -0.233344  -0.273535  -0.312626  -0.350457  -0.386877  -0.42174  -0.454904  -0.486237  -0.515611  -0.54291  -0.568022  -0.590847  -0.611293  -0.629278  -0.644728  -0.657583  -0.66779  -0.675307  -0.680106  -0.682166  -0.681479  -0.678048  -0.671887  -0.66302  -0.651484  -0.637324  -0.620598  -0.601373  -0.579727  -0.555746  -0.529527  -0.501176  -0.470807  -0.438543  -0.404512  -0.368853  -0.331708  -0.293228  -0.253567  -0.212885  -0.171346  -0.129117  -0.0863679  -0.0432711  0  
0  0.0413581  0.0825496  0.123409  0.163771  0.203474  0.242357  0.280265  0.317044  0.352546  0.386629  0.419155  0.449993  0.479019  0.506117  0.531176  0.554097  0.574786  0.593161  0.609148  0.622681  0.633708  0.642182  0.648071  0.651351  0.652007  0.650038  0.645452  0.638266  0.628511  0.616225  0.601457  0.584268  0.564726  0.54291  0.518908  0.492816  0.46474  0.434793  0.403095  0.369774  0.334963  0.298805  0.261442  0.223028  0.183715  0.143662  0.103031  0.061985  0.0206894  -0.0206894  -0.061985  -0.103031  -0.143662  -0.183715  -0.223028  -0.261442  -0.298805  -0.334963  -0.369774  -0.403095  -0.434793  -0.46474  -0.492816  -0.518908  -0.54291  -0.564726  -0.584268  -0.601457  -0.616225  -0.628511  -0.638266  -0.645452  -0.650038  -0.652007  -0.651351  -0.648071  -0.642182  -0.633708  -0.622681  -0.609148  -0.593161  -0.574786  -0.554097  -0.531176  -0.506117  -0.479019  -0.449993  -0.419155  -0.386629  -0.352546  -0.317044  -0.280265  -0.242357  -0.203474  -0.163771  -0.123409  -0.0825496  -0.0413581  0  
0  0.0392785  0.0783988  0.117203  0.155536  0.193243  0.230171  0.266172  0.301102  0.334819  0.367188  0.398079  0.427367  0.454933  0.480668  0.504468  0.526236  0.545885  0.563336  0.578519  0.591372  0.601844  0.609892  0.615485  0.6186  0.619223  0.617353  0.612997  0.606173  0.596908  0.58524  0.571215  0.55489  0.53633  0.515611  0.492816  0.468036  0.441372  0.412931  0.382826  0.351181  0.318121  0.28378  0.248297  0.211813  0.174477  0.136439  0.0978504  0.0588683  0.0196491  -0.0196491  -0.0588683  -0.0978504  -0.136439  -0.174477  -0.211813  -0.248297  -0.28378  -0.318121  -0.351181  -0.382826  -0.412931  -0.441372  -0.468036  -0.492816  -0.515611  -0.53633  -0.55489  -0.571215  -0.58524  -0.596908  -0.606173  -0.612997  -0.617353  -0.619223  -0.6186  -0.615485  -0.609892  -0.601844  -0.591372  -0.578519  -0.563336  -0.545885  -0.526236  -0.504468  -0.480668  -0.454933  -0.427367  -0.398079  -0.367188  -0.334819  -0.301102  -0.266172  -0.230171  -0.193243  -0.155536  -0.117203  -0.0783988  -0.0392785  0  
0  0.0370408  0.0739324  0.110526  0.146675  0.182234  0.217058  0.251008  0.283948  0.315745  0.34627  0.3754  0.403019  0.429016  0.453284  0.475728  0.496256  0.514786  0.531242  0.54556  0.557681  0.567557  0.575147  0.580421  0.583358  0.583946  0.582182  0.578075  0.571639  0.562902  0.551899  0.538673  0.523278  0.505775  0.486237  0.46474  0.441372  0.416227  0.389406  0.361017  0.331174  0.299997  0.267613  0.234151  0.199746  0.164537  0.128666  0.0922758  0.0555145  0.0185297  -0.0185297  -0.0555145  -0.0922758  -0.128666  -0.164537  -0.199746  -0.234151  -0.267613  -0.299997  -0.331174  -0.361017  -0.389406  -0.416227  -0.441372  -0.46474  -0.486237  -0.505775  -0.523278  -0.538673  -0.551899  -0.562902  -0.571639  -0.578075  -0.582182  -0.583946  -0.583358  -0.580421  -0.575147  -0.567557  -0.557681  -0.54556  -0.531242  -0.514786  -0.496256  -0.475728  -0.453284  -0.429016  -0.403019  -0.3754  -0.34627  -0.315745  -0.283948  -0.251008  -0.217058  -0.182234  -0.146675  -0.110526  -0.0739324  -0.0370408  0  
0  0.0346539  0.0691683  0.103404  0.137224  0.170491  0.203071  0.234834  0.265651  0.295398  0.323956  0.35121  0.377049  0.40137  0.424075  0.445073  0.464278  0.481613  0.49701  0.510405  0.521745  0.530984  0.538085  0.543019  0.545767  0.546317  0.544667  0.540824  0.534804  0.52663  0.516335  0.503961  0.489558  0.473184  0.454904  0.434793  0.412931  0.389406  0.364313  0.337753  0.309833  0.280666  0.250368  0.219063  0.186875  0.153935  0.120375  0.0863297  0.0519373  0.0173357  -0.0173357  -0.0519373  -0.0863297  -0.120375  -0.153935  -0.186875  -0.219063  -0.250368  -0.280666  -0.309833  -0.337753  -0.364313  -0.389406  -0.412931  -0.434793  -0.454904  -0.473184  -0.489558  -0.503961  -0.516335  -0.52663  -0.534804  -0.540824  -0.544667  -0.546317  -0.545767  -0.543019  -0.538085  -0.530984  -0.521745  -0.510405  -0.49701  -0.481613  -0.464278  -0.445073  -0.424075  -0.40137  -0.377049  -0.35121  -0.323956  -0.295398  -0.265651  -0.234834  -0.203071  -0.170491  -0.137224  -0.103404  -0.0691683  -0.0346539  0  
